# q=5 mode=iidq roots=300 cp_lo=4 cp_hi=8 buf_lo=9 buf_hi=13 seed=2026
# root nvisited then n_cp*n_buf cumulative counts N(val<=cp[ci], pmax<=buf[bi]) row-major ci,bi
1077 4235678 18 18 18 18 18 67 67 67 67 67 290 291 291 291 291 1064 1094 1106 1107 1111 4210 4789 5036 5105 5185
1699 3573414 20 20 20 20 20 70 70 70 70 70 254 257 257 257 257 933 985 991 1003 1003 3669 4285 4467 4582 4605
303 40057469 100 100 100 100 100 533 533 535 535 535 2524 2541 2562 2587 2588 10449 10947 11222 11437 11459 38900 45448 48448 50199 50546
9511 3564722 11 11 11 11 11 41 41 41 41 41 226 226 226 226 226 979 1002 1020 1043 1046 3681 4162 4396 4612 4670
2921 16427760 67 67 67 67 67 237 237 237 237 237 964 971 984 986 988 3982 4158 4323 4372 4404 15303 17913 19481 20087 20377
9989 39293 2 2 2 2 2 5 5 5 5 5 8 8 8 8 8 21 21 21 21 21 69 73 73 73 73
9469 8083 2 2 2 2 2 3 3 3 3 3 4 4 4 4 4 4 4 4 4 4 9 10 10 10 10
881 1009562 4 4 4 4 4 17 17 17 17 17 64 70 70 70 70 275 299 304 304 304 976 1161 1217 1242 1262
3817 9020956 21 21 21 21 21 132 132 132 132 132 584 584 584 585 585 2443 2510 2542 2555 2580 8901 10306 10727 10971 11265
6823 140042 2 2 2 2 2 4 4 4 4 4 17 17 17 17 17 53 53 53 53 53 143 153 158 158 158
5489 1318586 12 12 12 12 12 33 33 33 33 33 111 111 111 111 111 411 416 416 417 418 1457 1599 1619 1662 1683
4229 238817 2 2 2 2 2 4 4 4 4 4 13 13 13 13 13 63 63 65 65 65 271 292 309 312 312
9383 83945 2 2 2 2 2 3 3 3 3 3 6 6 6 6 6 15 15 15 22 22 54 61 65 89 89
1931 4470533 11 11 11 11 11 67 67 67 67 67 309 311 311 311 311 1269 1307 1342 1353 1362 4707 5346 5687 5803 5907
4409 785695 3 3 3 3 3 10 10 10 10 10 63 63 63 63 63 238 247 248 248 248 880 1025 1052 1062 1062
3647 132745 2 2 2 2 2 4 4 4 4 4 14 14 14 14 14 53 53 53 53 53 169 175 175 176 176
9637 331661 4 4 4 4 4 8 8 8 8 8 29 29 29 29 29 96 99 99 99 99 366 423 427 428 428
9697 275204 1 1 1 1 1 5 5 5 5 5 14 14 14 14 14 71 72 72 72 72 293 310 321 321 322
8649 11047867 29 29 29 29 29 149 152 152 152 152 629 674 684 688 688 2578 2965 3053 3115 3128 9543 12378 13146 13659 13830
2967 653910 2 2 2 2 2 10 10 10 10 10 36 36 36 36 36 136 151 153 153 156 550 712 756 777 803
1657 1019729 7 7 7 7 7 27 27 27 27 27 83 83 83 83 83 332 338 338 338 342 1182 1303 1321 1362 1401
4433 293259 2 2 2 2 2 11 11 11 11 11 36 36 36 36 36 84 84 84 95 95 276 292 324 408 412
7777 1134265 3 3 3 3 3 14 14 14 14 14 54 54 54 54 54 257 286 287 295 295 973 1252 1301 1415 1417
943 8097296 20 20 20 20 20 93 93 93 93 93 453 464 464 464 464 1987 2171 2188 2210 2211 7536 9272 9709 10053 10112
6521 3844815 13 13 13 13 13 59 59 59 59 59 260 261 261 261 261 1008 1076 1081 1089 1089 3890 4546 4703 4799 4835
2081 1324980 9 9 9 9 9 30 30 30 30 30 97 97 97 97 97 395 399 400 407 407 1478 1560 1605 1682 1682
9753 1951852 1 1 1 1 1 7 7 7 7 11 73 74 74 74 81 404 419 427 427 458 1710 1998 2126 2153 2355
1069 2076851 4 4 4 4 4 22 22 22 22 22 108 109 115 117 117 487 499 551 576 576 1810 2042 2388 2637 2637
653 1447975 6 6 6 6 6 23 23 23 23 23 94 94 94 94 94 399 418 419 419 419 1530 1771 1846 1871 1871
1573 305938 3 3 3 3 3 5 5 5 5 5 24 24 24 24 24 89 90 94 94 94 327 342 380 383 383
7977 2003197 5 5 5 5 5 28 28 28 28 28 112 112 112 112 112 510 514 546 547 547 1942 2169 2491 2536 2548
4823 1218730 3 3 3 3 3 23 23 23 23 23 87 87 87 87 87 356 365 365 365 365 1324 1486 1541 1556 1559
2579 1811250 3 3 3 3 3 18 18 18 18 18 88 89 89 91 91 422 458 467 481 481 1637 1964 2147 2266 2272
9889 415547 2 2 2 2 2 4 4 4 4 4 25 25 25 25 25 117 118 121 121 121 442 504 540 540 540
8811 1086796 9 9 9 9 9 25 25 25 25 25 84 88 88 88 88 300 330 331 331 333 1057 1311 1339 1352 1368
1491 117736696 359 361 361 361 361 1643 1683 1694 1694 1694 7070 7384 7459 7468 7477 29477 32123 32970 33267 33401 109929 132767 141920 145921 147560
1079 9394955 45 45 45 45 45 176 176 176 176 176 652 659 659 659 659 2643 2734 2752 2758 2766 9704 11119 11624 11834 11946
3649 897409 4 4 4 4 4 14 14 14 14 14 56 57 57 57 57 211 224 224 224 224 845 1022 1061 1072 1074
7071 619392 6 6 6 6 6 11 11 11 11 11 38 38 38 38 38 154 160 160 160 160 548 647 698 706 716
3721 4485134 22 22 22 22 22 87 87 87 87 87 286 287 287 287 287 1272 1309 1316 1316 1327 4832 5385 5570 5669 5757
4049 1700392 7 7 7 7 7 26 26 26 26 26 111 111 111 111 111 460 487 487 488 488 1795 2142 2188 2204 2210
3927 1818354 3 3 3 3 3 27 27 27 27 27 92 100 100 100 100 425 521 522 522 525 1595 2236 2305 2331 2380
109 1901860 13 13 13 13 13 39 39 39 39 39 136 136 137 137 137 509 524 537 550 550 1865 2127 2262 2359 2368
8309 2482080 9 9 9 9 9 35 35 35 35 35 169 169 170 170 170 666 678 718 720 725 2400 2692 3021 3057 3134
8129 1032743 1 1 1 1 1 13 13 13 13 13 60 61 61 61 61 244 269 270 274 274 960 1192 1244 1269 1278
7069 711791 3 3 3 3 3 8 8 8 8 8 41 41 41 41 41 197 200 200 202 202 731 813 871 885 885
1401 10208532 38 38 38 38 38 146 146 146 146 146 639 640 642 648 648 2632 2747 2769 2865 2871 10029 11572 12134 12830 12932
2793 956058 3 3 3 3 3 12 12 12 12 12 65 65 65 65 65 270 291 292 292 292 998 1198 1256 1269 1269
9041 846278 3 3 3 3 3 9 9 9 9 9 62 62 62 63 63 225 229 240 248 248 832 948 1016 1111 1112
377 10342653 35 35 35 35 35 153 153 153 153 153 671 686 688 690 690 2735 2875 2935 2969 2970 10070 11623 12394 12725 12831
219 716507 6 6 6 6 6 15 15 15 15 15 52 55 55 55 55 170 217 217 217 217 591 877 884 910 911
6749 2981859 9 9 9 9 9 50 50 50 50 50 205 205 205 205 205 823 851 852 852 852 3087 3559 3707 3756 3775
4341 390827 3 3 3 3 3 6 6 6 6 6 36 36 36 36 36 156 158 158 158 158 522 547 562 563 563
5053 630706 3 3 3 3 3 12 12 12 12 12 54 54 54 54 54 189 192 192 192 192 700 775 784 790 792
4001 1535554 6 6 6 6 6 18 19 19 19 19 75 89 89 89 89 313 395 395 396 396 1184 1659 1717 1778 1787
8597 430190 1 1 1 1 1 8 8 8 8 8 34 34 34 34 34 135 135 135 135 135 512 552 557 561 562
5583 24257 2 2 2 2 2 3 3 3 3 3 6 6 6 6 6 10 10 10 10 10 32 34 34 34 34
9399 231491 1 1 1 1 1 2 2 2 2 2 14 14 14 14 14 60 60 60 60 60 233 275 286 286 286
9441 77732 1 1 1 1 1 3 3 3 3 3 11 11 11 11 11 43 43 43 43 43 112 119 121 122 122
357 8789469 20 20 20 20 20 100 100 100 100 101 480 483 484 484 492 2164 2266 2295 2300 2368 8517 9947 10497 10672 10985
3471 131949 1 1 1 1 1 2 2 2 2 2 13 13 13 13 13 37 37 37 38 38 128 133 133 162 162
287 3370270 14 14 14 14 14 52 52 52 52 52 231 231 231 231 231 911 944 944 963 972 3485 3916 4010 4181 4305
1483 26616718 60 60 60 60 60 370 371 371 371 371 1619 1645 1653 1659 1663 6808 7205 7366 7520 7542 25771 30274 32076 33355 33657
4203 318112 1 1 1 1 1 3 3 3 3 3 14 14 14 14 14 80 82 82 82 83 274 322 327 363 385
8199 2357088 2 2 2 2 2 26 26 26 26 26 148 148 148 150 150 627 637 641 672 672 2457 2755 2871 3056 3061
3017 1154856 4 4 4 4 4 11 11 11 11 11 48 50 50 50 50 213 255 255 255 255 919 1314 1358 1384 1395
8673 1167393 2 2 2 2 2 14 14 14 14 14 70 70 70 71 71 336 340 340 346 346 1250 1381 1401 1458 1460
9217 412082 1 1 1 1 1 4 4 4 4 4 30 30 30 30 30 112 112 112 112 112 441 493 494 501 501
3799 7014482 14 14 14 14 14 77 77 77 77 77 402 426 426 427 427 1787 1974 1984 2012 2027 6692 8273 8591 8811 8939
481 21779414 73 73 73 73 73 352 352 352 352 352 1481 1496 1496 1496 1499 5883 6167 6263 6284 6326 22056 25414 26803 27310 27710
9669 3600028 6 6 6 6 6 37 37 37 37 37 185 186 186 186 189 893 914 940 958 989 3350 3787 4011 4138 4398
8521 321008 1 1 1 1 1 5 5 5 5 5 30 30 30 30 30 114 114 114 114 114 409 432 439 441 441
4429 432222 2 2 2 2 2 6 6 6 6 6 27 31 31 31 31 87 125 125 125 125 303 521 541 546 546
679 1574437 6 6 6 6 6 24 24 24 24 24 81 81 86 86 86 355 367 403 403 403 1295 1503 1785 1812 1833
1043 5360468 19 19 19 19 19 75 78 78 78 78 307 333 333 336 336 1314 1489 1525 1537 1546 4816 6079 6430 6580 6686
8687 2966529 4 4 4 4 4 18 18 18 18 18 146 146 146 146 146 701 717 726 726 726 2900 3360 3582 3670 3708
687 24542463 80 80 80 80 80 325 328 331 331 331 1468 1497 1537 1537 1537 6213 6662 6915 6962 6970 23376 27789 29911 30620 30806
2021 1243627 3 3 3 3 3 19 19 19 19 19 53 53 53 54 54 280 290 290 307 309 1144 1334 1394 1501 1527
8009 72498 1 1 1 1 1 5 5 5 5 5 12 12 12 12 12 24 24 24 24 24 72 76 77 80 80
5183 263064 3 3 3 3 3 6 6 6 6 6 22 22 22 22 22 84 84 84 88 88 267 274 278 313 313
5891 15265 2 2 2 2 2 2 2 2 2 2 4 4 4 4 4 7 7 7 7 7 22 25 25 25 25
5823 208848 3 3 3 3 3 6 6 6 6 6 18 18 18 18 18 73 74 74 74 74 266 295 301 302 302
2697 4501620 20 20 20 20 20 89 90 90 90 90 284 300 308 308 308 1058 1141 1206 1215 1231 3975 4771 5211 5331 5548
7277 11830471 27 27 27 27 27 142 142 142 142 142 684 691 691 694 694 3032 3178 3214 3254 3256 11540 13615 14264 14646 14748
797 1493932 6 6 6 6 6 16 16 16 16 16 82 82 82 83 83 393 406 411 446 446 1483 1692 1784 1939 1952
9661 707415 3 3 3 3 3 14 14 14 14 14 44 44 44 44 44 169 177 181 181 181 720 830 877 887 887
7801 235918 3 3 3 3 3 5 5 5 5 5 10 10 10 10 10 49 49 49 51 51 196 221 226 260 263
6517 443047 2 2 2 2 2 10 10 10 10 10 35 35 35 35 35 134 140 140 140 140 453 525 549 560 560
927 12600200 46 46 46 46 46 164 166 166 166 166 772 807 816 816 816 3232 3441 3520 3542 3544 12382 14598 15512 15864 15956
7951 2728 2 2 2 2 2 2 2 2 2 2 3 3 3 3 3 6 6 6 6 6 10 10 10 10 10
1763 1352988 5 5 5 5 5 17 17 17 17 17 77 77 77 77 77 342 348 359 359 360 1314 1466 1579 1599 1620
2387 1224749 2 2 2 2 2 19 19 19 19 19 81 81 81 81 81 340 350 353 355 355 1232 1373 1446 1461 1494
3353 22851 2 2 2 2 2 3 3 3 3 3 5 5 5 5 5 8 8 8 8 8 27 27 27 27 27
4071 113641 1 1 1 1 1 3 3 3 3 3 14 14 14 14 14 50 51 51 51 51 135 155 155 156 156
9161 280434 2 2 2 2 2 6 6 6 6 6 24 24 24 24 24 98 98 98 98 98 336 359 367 367 367
2439 2867772 10 10 10 10 10 35 35 35 35 35 143 143 144 144 144 669 683 696 704 704 2774 3079 3332 3472 3486
1729 2905813 8 8 8 8 8 38 38 38 38 38 192 193 193 193 193 788 808 809 825 825 3001 3398 3496 3604 3609
9419 2139930 1 1 1 1 1 22 22 22 22 22 113 118 118 118 118 484 548 564 564 564 1844 2408 2587 2644 2669
6369 294454 2 2 2 2 2 8 8 8 8 8 23 23 23 23 23 83 83 85 85 85 341 368 405 405 405
8627 4378059 11 11 11 11 11 55 55 55 55 55 267 267 267 267 267 1132 1160 1181 1201 1201 4327 4884 5218 5379 5392
7001 151123 2 2 2 2 2 3 3 3 3 3 12 12 12 12 12 43 47 49 49 49 152 186 204 204 204
1819 4386441 15 15 15 15 15 54 54 54 54 54 273 274 275 275 275 1203 1224 1246 1252 1254 4448 4969 5242 5361 5407
7831 2394784 4 4 4 4 4 27 27 27 27 27 147 147 147 147 147 645 689 694 697 706 2361 2769 2881 2932 3031
457 2321175 14 14 14 14 14 36 36 36 36 36 125 129 132 139 142 485 519 554 590 613 1847 2342 2604 2804 2904
8001 2329083 8 8 8 8 8 35 35 35 35 35 147 148 148 148 148 664 686 690 690 690 2478 2836 2940 2992 3009
8233 956724 2 2 2 2 2 9 9 9 9 9 46 46 46 46 46 219 242 245 253 253 793 996 1037 1125 1128
9781 909176 4 4 4 4 4 10 10 10 10 10 37 37 42 42 42 172 184 224 227 227 608 738 1031 1076 1083
5717 332246 3 3 3 3 3 8 8 8 8 8 27 27 27 27 27 75 93 93 93 95 228 362 372 374 396
6743 2329059 6 6 6 6 6 32 32 32 32 32 138 144 147 147 147 571 610 644 645 645 2122 2569 2836 2860 2881
9087 2956362 6 6 6 6 6 36 36 36 36 36 179 188 188 188 188 709 768 788 788 788 2689 3283 3512 3542 3601
7451 2698292 8 8 8 8 8 31 31 31 31 31 158 160 160 160 160 701 731 740 746 748 2704 3169 3309 3354 3378
8377 129189 2 2 2 2 2 5 5 5 5 5 8 8 8 8 8 30 30 30 30 30 121 139 146 146 146
8013 131768 1 1 1 1 1 4 4 4 4 4 6 6 6 6 6 18 18 18 23 23 77 77 77 137 137
819 625754 6 6 6 6 6 12 12 12 12 12 48 48 48 48 48 187 187 188 188 188 647 691 753 757 758
8003 5233764 17 17 17 17 17 69 69 69 69 69 324 326 326 326 326 1379 1459 1501 1501 1504 5107 5934 6436 6526 6561
389 7760230 28 28 28 28 28 111 111 111 111 111 495 497 502 502 502 2127 2204 2255 2258 2259 8001 9144 9694 9808 9863
6349 5582743 7 7 7 7 7 66 66 66 66 66 327 329 329 329 329 1430 1496 1501 1509 1510 5527 6393 6608 6851 6938
5997 226050 1 1 1 1 1 3 3 3 3 3 12 12 12 12 12 59 59 59 59 59 255 268 280 281 281
6319 1293854 6 6 6 6 6 32 32 32 32 32 92 92 92 92 92 333 345 346 346 346 1257 1517 1570 1574 1574
1271 153692 4 4 4 4 4 8 8 8 8 8 17 17 17 17 17 48 53 53 53 53 160 209 211 211 213
3167 3723787 16 16 16 16 16 64 64 64 64 64 259 259 262 262 262 1048 1068 1090 1096 1096 3880 4285 4593 4699 4726
7499 82275 1 1 1 1 1 2 2 2 2 2 4 4 4 4 4 26 26 26 26 26 120 124 124 124 124
7903 28915 1 1 1 1 1 2 2 2 2 2 4 4 4 4 4 7 7 7 7 7 35 35 35 35 35
5409 5742260 10 10 10 10 10 67 67 67 67 67 315 315 316 316 316 1403 1459 1518 1521 1556 5189 6077 6639 6729 6961
2277 413299 2 2 2 2 2 5 5 5 5 5 27 27 27 27 27 127 127 127 127 127 454 494 506 511 514
7401 383240 2 2 2 2 2 5 5 5 5 5 25 25 25 25 25 95 95 98 98 102 325 357 388 393 433
6027 57595 3 3 3 3 3 4 4 4 4 4 6 6 6 6 6 17 17 17 17 17 63 66 66 66 66
4911 386820 3 3 3 3 3 4 4 4 4 4 21 21 21 21 21 97 97 97 97 97 428 452 462 472 472
2403 786823 2 2 2 2 2 11 11 11 11 11 52 52 52 52 52 206 209 214 214 214 762 858 948 970 979
7963 189760 2 2 2 2 2 5 5 5 5 5 19 20 20 20 20 46 58 58 58 58 132 194 198 208 208
4191 362302 1 1 1 1 1 8 8 8 8 8 30 30 30 30 30 112 112 112 112 112 422 465 468 471 481
5087 8405093 18 18 18 18 18 104 104 104 104 104 562 563 563 564 564 2269 2338 2384 2414 2417 8642 9862 10403 10736 10784
1477 3853279 18 18 18 18 18 73 73 73 73 73 303 304 304 304 311 1082 1119 1119 1135 1172 3883 4378 4577 4784 4963
499 25429133 84 84 84 84 84 346 348 354 354 354 1526 1557 1581 1581 1581 6556 6952 7167 7211 7224 24836 28864 30996 31598 31866
5491 1292073 3 3 3 3 3 13 13 13 13 13 63 63 63 63 63 265 280 280 280 280 1136 1364 1419 1452 1468
9359 290531 2 2 2 2 2 5 5 5 5 5 17 17 17 17 17 80 96 96 96 96 278 357 362 363 366
9917 12450 1 1 1 1 1 2 2 2 2 2 4 4 4 4 4 8 8 8 8 8 18 28 28 28 28
8359 1634480 5 5 5 5 5 20 20 20 20 20 89 89 89 94 94 380 428 431 465 480 1398 1757 1843 2026 2133
2461 200090 2 2 2 2 2 8 8 8 8 8 22 22 22 22 22 69 69 69 69 69 259 280 283 284 284
8633 779973 1 1 1 1 1 9 9 9 9 9 51 51 51 51 51 233 233 233 236 236 859 948 973 997 999
5661 270852 3 3 3 3 3 6 6 6 6 6 19 19 19 19 19 69 72 72 72 72 261 304 310 310 313
139 123906394 372 372 372 372 372 1707 1721 1744 1744 1744 7507 7680 7851 7861 7863 31188 33166 34549 34862 34937 116989 137969 149537 153536 154707
9519 23365 1 1 1 1 1 2 2 2 2 2 4 4 4 4 4 13 13 13 13 13 38 38 38 38 38
279 5016321 14 14 14 14 14 72 72 72 72 72 291 312 312 313 315 1137 1393 1409 1415 1431 4225 5880 6134 6241 6344
3657 174226 2 2 2 2 2 3 3 3 3 3 13 13 13 13 13 51 51 51 51 51 179 199 203 203 205
2437 3463467 8 8 8 8 8 44 44 44 44 44 191 192 193 193 193 875 909 915 937 937 3424 3948 4090 4293 4325
4849 1673962 5 5 5 5 5 28 28 28 28 28 116 116 116 117 117 461 465 470 477 477 1734 1919 1990 2087 2102
2761 865703 7 7 7 7 7 23 23 23 23 23 63 63 63 63 63 262 269 269 269 269 918 1040 1072 1083 1095
6603 4530264 10 10 10 10 10 63 63 63 63 63 257 258 258 258 258 1202 1272 1276 1277 1281 4397 5230 5376 5464 5574
1189 63968 3 3 3 3 3 4 4 4 4 4 8 8 8 8 8 21 21 22 22 22 76 82 95 95 95
5027 2584273 7 7 7 7 7 41 41 41 41 41 146 164 165 165 165 546 677 701 701 701 1989 2749 3084 3141 3149
1703 1657892 3 3 3 3 3 25 25 25 25 25 93 93 93 93 93 423 439 445 445 445 1604 1879 1974 2007 2011
5881 225383 4 4 4 4 4 13 13 13 13 13 26 26 26 26 26 63 63 63 63 63 242 257 267 275 275
543 4581792 19 19 19 19 19 73 73 73 73 73 269 269 271 275 275 1094 1174 1224 1309 1309 3970 4818 5242 5755 5798
1519 163314 2 2 2 2 2 5 5 5 5 5 13 13 13 13 13 48 50 50 50 50 153 187 196 199 199
2913 1119286 5 5 5 5 5 19 19 19 19 19 75 75 75 75 75 276 281 286 286 286 1142 1266 1360 1383 1392
8313 78464 1 1 1 1 1 3 3 3 3 3 7 7 7 7 7 22 22 22 22 22 73 83 84 88 88
7243 115441 2 2 2 2 2 4 4 4 4 4 13 13 13 13 13 31 31 31 31 31 118 142 142 142 142
6733 2849613 8 8 8 8 8 34 34 34 34 34 131 132 135 135 137 606 642 669 692 713 2264 2677 2984 3183 3316
4587 106542 2 2 2 2 2 6 6 6 6 6 13 13 13 13 13 41 41 41 41 41 134 154 157 157 157
9649 31976 2 2 2 2 2 2 2 2 2 2 5 5 5 5 5 13 13 13 13 13 52 53 53 53 53
6439 179950 2 2 2 2 2 4 4 4 4 4 12 12 12 12 12 53 53 53 53 53 196 221 221 223 223
3569 1827417 3 3 3 3 3 19 19 19 19 19 114 117 117 117 117 482 515 525 526 527 1815 2159 2265 2287 2317
3171 1213086 3 3 3 3 3 14 14 14 14 14 79 79 79 79 79 354 356 362 365 365 1341 1458 1535 1561 1569
9447 551637 1 1 1 1 1 5 5 5 5 5 34 34 34 34 34 155 161 161 165 168 618 669 672 755 797
4693 72588 2 2 2 2 2 4 4 4 4 4 6 6 6 6 6 24 24 24 24 24 86 90 94 94 94
8479 2082375 6 6 6 6 6 29 29 29 29 29 135 136 136 136 136 563 594 597 597 599 1977 2289 2373 2458 2499
4947 269612 1 1 1 1 1 7 7 7 7 7 15 15 15 15 15 57 57 57 57 57 271 290 305 306 308
1627 2632991 5 5 5 5 5 45 45 45 45 45 194 195 195 195 195 695 703 710 719 733 2493 2791 2959 3075 3189
8609 3549960 8 8 8 8 8 53 55 55 55 55 246 260 260 260 260 954 1043 1045 1047 1048 3517 4251 4406 4493 4519
2903 225706 2 2 2 2 2 7 7 7 7 7 20 20 20 20 20 83 83 83 83 83 262 299 306 306 314
9437 147123 1 1 1 1 1 4 4 4 4 4 16 16 16 16 16 42 44 44 44 44 130 156 178 179 179
557 2005820 7 7 7 7 7 26 26 26 26 26 119 119 119 119 119 534 551 554 554 554 1967 2229 2376 2416 2472
8629 195137 3 3 3 3 3 4 4 4 4 4 18 18 18 18 18 52 52 52 52 52 174 206 216 216 222
1359 1020021 5 5 5 5 5 21 21 21 21 21 69 69 69 69 69 271 279 279 285 286 998 1118 1140 1210 1217
1551 3926107 13 13 13 13 13 69 69 69 69 69 271 272 272 272 272 1123 1157 1170 1173 1174 4135 4655 4916 4984 5009
9099 123294 1 1 1 1 1 3 3 3 3 3 10 10 10 10 10 42 42 42 42 42 141 148 152 152 152
2863 996714 4 4 4 4 4 21 21 21 21 21 67 69 69 69 69 276 316 320 320 320 932 1234 1285 1309 1312
5069 218040 4 4 4 4 4 7 7 7 7 7 18 18 18 18 18 62 66 66 66 66 227 289 292 292 292
6869 243239 3 3 3 3 3 6 6 6 6 6 20 20 20 20 20 59 59 59 59 59 245 286 296 299 299
9401 567537 3 3 3 3 3 12 12 12 12 12 47 47 47 47 47 161 161 164 164 164 598 628 694 709 709
5451 163921 1 1 1 1 1 4 4 4 4 4 13 13 13 13 13 67 70 70 70 70 233 246 257 257 257
7933 363547 2 2 2 2 2 5 5 5 5 5 23 23 23 23 23 100 101 101 101 101 404 447 451 458 461
1883 6386156 7 7 7 7 7 86 86 86 86 86 428 429 430 430 430 1763 1828 1851 1863 1870 6503 7466 7841 8002 8084
9111 584073 2 2 2 2 2 7 7 7 7 7 37 37 40 40 40 144 145 161 163 163 566 598 729 751 758
7853 7329511 12 12 12 12 12 88 88 88 88 88 408 414 421 421 421 1725 1805 1942 1944 1948 6467 7622 8658 8833 8913
4327 969805 1 1 1 1 1 9 9 9 9 9 63 70 71 71 71 245 270 276 278 278 853 1044 1122 1155 1181
4311 890591 2 2 2 2 2 19 19 19 19 19 76 76 76 76 76 277 284 297 297 297 996 1123 1239 1261 1263
2207 1242774 5 5 5 5 5 9 9 9 9 9 74 74 74 74 76 343 347 347 350 373 1268 1390 1419 1444 1581
1267 1049165 7 7 7 7 7 25 25 25 25 25 70 70 70 70 70 339 343 344 344 344 1204 1324 1359 1371 1371
7531 400823 2 2 2 2 2 7 7 7 7 7 36 36 36 36 36 136 136 136 136 136 431 483 486 491 505
4811 117678 2 2 2 2 2 4 4 4 4 4 9 9 9 9 9 28 32 32 32 32 91 131 134 134 134
8149 1345955 3 3 3 3 3 19 19 19 19 19 79 79 79 80 80 340 347 360 375 376 1232 1375 1491 1588 1629
4297 610064 2 2 2 2 2 11 11 11 11 11 45 45 45 45 45 173 182 182 182 182 668 796 806 810 811
6009 639639 2 2 2 2 2 8 8 8 8 8 31 31 31 31 31 132 144 153 153 153 597 716 793 801 803
1309 3416913 9 9 9 9 9 52 52 52 52 52 197 200 208 208 208 833 865 943 943 943 3141 3655 4310 4337 4343
4987 3593123 5 5 5 5 5 31 31 31 31 31 177 178 178 178 178 912 957 962 974 974 3597 4155 4325 4453 4473
2857 2322889 5 5 5 5 5 36 36 36 36 36 145 146 147 147 147 547 579 600 618 619 2030 2435 2654 2822 2865
5933 1072852 3 3 3 3 3 21 21 21 21 21 66 66 66 66 66 278 288 299 299 299 1102 1247 1323 1341 1348
4953 45121 2 2 2 2 2 3 3 3 3 3 5 5 5 5 5 13 13 23 23 23 40 41 73 73 73
2023 35810333 70 70 70 70 70 417 417 417 417 417 2116 2126 2157 2163 2166 9065 9357 9656 9762 9788 34531 39702 42677 43880 44218
1091 351146 2 2 2 2 2 5 5 5 5 5 28 28 28 28 28 91 96 98 98 98 341 408 463 465 466
2841 4137186 10 10 10 10 10 56 56 56 56 56 260 262 262 262 262 1130 1173 1183 1186 1187 4492 5093 5289 5361 5386
7457 6208165 10 10 10 10 10 91 91 91 91 91 408 412 412 416 416 1651 1723 1755 1821 1821 6049 6997 7508 7933 7982
981 340470 2 2 2 2 2 5 5 5 5 5 18 18 18 18 18 97 97 100 100 100 396 422 446 446 446
2067 409821 2 2 2 2 2 10 10 10 10 10 32 32 32 32 32 120 120 120 120 120 450 484 501 502 503
5541 1198499 9 9 9 9 9 30 30 30 30 30 78 86 87 87 87 280 334 345 345 345 1025 1392 1481 1505 1508
7167 110012 2 2 2 2 2 4 4 4 4 4 17 17 17 17 17 41 41 41 41 41 146 147 149 149 152
4537 2500500 7 7 7 7 7 32 32 32 32 32 155 155 155 155 155 652 673 677 678 678 2438 2803 2912 2974 2980
1587 567138 6 6 6 6 6 21 22 22 22 22 56 63 63 63 63 169 200 200 200 200 550 739 754 757 763
3473 200845 2 2 2 2 2 4 4 4 4 4 14 14 14 14 14 51 53 54 54 54 178 212 223 223 227
9253 63101 5 5 5 5 5 8 8 8 8 8 16 16 16 16 16 32 32 32 32 32 90 100 100 100 100
8101 161179 1 1 1 1 1 3 3 3 3 3 8 8 8 8 8 47 49 49 49 49 173 196 201 205 205
113 208026 3 3 3 3 3 6 6 6 6 6 15 15 15 15 15 51 51 52 56 56 152 171 182 222 222
9653 60672 1 1 1 1 1 3 3 3 3 3 5 5 5 5 5 18 20 20 20 20 57 94 94 94 94
759 4339721 13 13 13 13 13 59 59 59 59 59 248 253 253 253 253 1084 1159 1184 1186 1192 4246 5055 5359 5419 5486
8623 960916 4 4 4 4 4 18 18 18 18 18 65 65 65 65 65 291 294 300 300 300 1038 1180 1243 1253 1254
7103 174302 2 2 2 2 2 8 8 8 8 8 20 20 20 20 20 58 64 64 64 64 178 235 236 236 237
8879 7528879 21 21 21 21 21 113 113 113 113 113 484 485 485 485 485 2148 2200 2229 2247 2255 8120 8986 9411 9614 9741
7517 6722573 20 20 20 20 20 94 94 94 94 94 420 429 431 431 431 1650 1779 1823 1832 1835 6090 7579 8112 8267 8344
5379 3402447 9 9 9 9 9 54 54 54 54 54 229 229 229 229 232 870 929 942 944 982 3050 3643 3957 4034 4267
3059 990645 4 4 4 4 4 22 22 22 22 22 72 72 72 72 72 278 288 289 293 293 944 1077 1178 1218 1231
2257 432993 2 2 2 2 2 7 7 7 7 7 26 26 26 26 26 119 124 124 124 124 461 528 550 565 567
5389 201248 1 1 1 1 1 5 5 5 5 5 12 12 12 12 12 59 59 59 59 59 230 239 240 240 240
9849 512284 2 2 2 2 2 5 5 5 5 5 25 36 36 36 36 104 172 172 172 172 301 636 655 660 660
2497 1435520 4 4 4 4 4 16 16 16 16 16 81 81 81 81 81 357 371 371 371 376 1422 1624 1656 1678 1736
7477 2052671 4 4 4 4 4 34 34 34 34 34 147 147 147 147 147 612 621 621 621 621 2220 2521 2566 2603 2616
437 2474767 14 14 14 14 14 44 44 44 44 44 191 191 191 191 191 634 646 654 666 695 2333 2614 2814 2950 3121
1623 525644 3 3 3 3 3 10 10 10 10 10 34 34 34 34 34 144 147 147 147 147 573 626 640 642 643
2311 1271073 3 3 3 3 3 20 20 20 20 20 78 78 78 78 78 306 314 319 321 321 1257 1412 1449 1508 1513
4877 593653 1 1 1 1 1 5 5 5 5 5 25 26 26 26 26 93 128 128 128 128 363 613 636 643 645
2963 2553024 3 3 3 3 3 28 28 28 28 28 125 128 128 128 128 549 623 633 635 635 2065 2736 2900 2957 2974
8551 523660 2 2 2 2 2 4 4 4 4 4 24 24 24 24 24 99 108 108 113 113 411 541 556 591 599
2691 28021757 88 88 88 88 88 437 437 437 441 441 1823 1836 1845 1877 1877 7356 7680 7819 8023 8036 27484 32000 33609 35193 35486
1399 4749606 23 23 23 23 23 88 88 88 88 88 347 347 349 349 349 1352 1389 1412 1420 1420 4928 5620 5954 6060 6097
6471 407085 2 2 2 2 2 4 4 4 4 4 22 22 22 22 22 90 90 90 90 90 428 462 473 475 486
5537 796380 1 1 1 1 1 11 11 11 11 11 44 44 44 44 44 186 193 195 195 197 744 843 901 927 939
6427 427945 4 4 4 4 4 11 11 11 11 11 31 31 31 31 31 124 124 124 124 124 480 521 525 535 537
2883 31464 2 2 2 2 2 3 3 3 3 3 5 5 5 5 5 19 19 19 19 19 65 65 65 65 65
6301 334299 3 3 3 3 3 9 9 9 9 9 27 27 27 27 27 91 94 95 95 95 332 397 414 414 415
3091 4188487 8 8 8 8 8 54 54 55 55 55 224 225 253 253 253 831 874 1056 1063 1063 3190 3748 4821 4936 4965
5303 244276 2 2 2 2 2 5 5 5 5 5 16 16 16 16 16 50 56 56 56 56 180 243 256 256 259
6421 1428238 2 2 2 2 2 11 11 11 11 11 69 69 69 69 69 370 382 382 383 384 1423 1701 1753 1770 1791
3499 262 2 2 2 2 2 3 3 3 3 3 3 3 3 3 3 4 4 4 4 4 6 6 6 6 6
5113 3528897 8 8 8 8 8 35 35 35 35 35 195 198 199 199 201 854 935 958 958 973 3176 3965 4250 4291 4364
8413 137612 1 1 1 1 1 6 6 6 6 6 12 12 12 12 12 42 42 42 42 42 154 164 168 172 172
2917 185852 3 3 3 3 3 6 6 6 6 6 17 17 17 17 17 51 52 52 52 53 193 208 209 212 241
3273 2042788 9 9 9 9 9 43 43 43 43 43 141 141 142 142 142 494 509 525 535 536 1912 2173 2316 2458 2490
5621 1539912 3 3 3 3 3 16 16 16 16 16 81 81 82 82 82 364 388 427 428 428 1318 1627 1889 1933 1934
5441 1030747 2 2 2 2 2 9 9 9 9 9 70 70 70 70 70 285 289 294 295 296 1038 1184 1262 1297 1304
9407 3592649 12 12 12 12 12 61 61 61 61 61 245 250 250 250 250 1043 1084 1088 1088 1088 3825 4339 4510 4562 4565
7877 169014 1 1 1 1 1 2 2 2 2 2 11 11 11 11 11 60 60 60 60 60 217 230 234 234 234
637 2602068 9 9 9 9 9 40 40 40 40 40 141 142 142 142 142 673 694 710 710 710 2605 2954 3182 3218 3250
1299 962 2 2 2 2 2 3 3 3 3 3 4 4 4 4 4 5 5 5 5 5 6 6 6 6 6
2111 4439397 6 6 6 6 6 52 52 52 52 52 264 270 270 270 270 1136 1206 1212 1219 1219 4320 5195 5386 5496 5515
1731 228216 3 3 3 3 3 8 8 8 8 8 17 17 17 17 17 69 69 69 69 69 275 291 292 294 294
2269 931633 5 5 5 5 5 22 22 22 22 22 76 76 76 76 76 293 293 293 293 293 1061 1183 1201 1206 1214
9557 534680 1 1 1 1 1 9 9 9 9 9 34 34 34 34 34 144 145 151 151 151 516 587 618 640 647
6577 998490 6 6 6 6 6 17 17 17 17 17 69 69 69 69 69 241 243 246 247 249 971 1101 1160 1174 1205
4033 147632 1 1 1 1 1 6 6 6 6 6 14 14 14 14 14 47 48 48 48 48 147 186 189 190 190
9829 231618 1 1 1 1 1 4 4 4 4 4 11 11 11 11 11 51 52 63 63 63 180 202 283 292 297
3921 9750432 25 25 25 25 25 139 139 139 139 139 613 615 623 623 623 2613 2715 2826 2850 2850 9706 11052 12068 12321 12375
4183 106715 2 2 2 2 2 2 2 2 2 2 4 4 4 4 4 27 28 28 28 28 114 122 123 123 123
5009 196489 3 3 3 3 3 5 5 5 5 5 17 18 18 18 18 51 56 56 56 56 185 223 230 238 238
2469 1669709 7 7 7 7 7 32 32 32 32 32 111 111 111 111 111 409 417 446 448 449 1609 1800 2058 2128 2192
3247 354515 2 2 2 2 2 6 6 6 6 6 15 15 15 15 15 71 71 71 71 71 321 378 402 403 403
3049 7485029 14 14 14 14 14 85 85 86 86 86 445 452 470 470 470 1886 1976 2100 2120 2123 7123 8286 9113 9378 9411
2807 535289 4 4 4 4 4 10 10 10 10 10 40 40 40 40 40 144 145 148 148 148 586 655 683 686 688
5761 329883 3 3 3 3 3 8 8 8 8 8 26 26 26 26 26 89 91 91 91 91 342 383 387 389 397
2739 2177180 8 8 8 8 8 35 35 35 35 35 116 119 119 119 119 493 550 553 553 575 1927 2340 2451 2476 2685
6587 810241 4 4 4 4 4 10 10 10 10 10 53 53 53 53 53 190 191 204 204 205 619 716 905 909 926
5589 318629 4 4 4 4 4 10 10 10 10 10 38 38 38 38 38 129 129 129 129 129 416 439 444 457 458
6307 69241 1 1 1 1 1 2 2 2 2 2 4 4 4 4 4 12 14 14 14 14 42 88 95 95 95
1881 844257 3 3 3 3 3 13 13 13 13 13 48 48 48 48 48 215 221 223 223 231 796 887 944 948 1006
9927 125613 1 1 1 1 1 3 3 3 3 3 9 9 9 9 9 45 46 46 46 46 141 146 146 146 146
2209 1284598 4 4 4 4 4 18 18 18 18 18 83 89 89 89 89 346 381 381 381 381 1256 1587 1645 1657 1659
4153 26204 2 2 2 2 2 2 2 2 2 2 5 5 5 5 5 9 9 9 9 9 31 39 39 39 39
1171 71164 2 2 2 2 2 3 3 3 3 3 7 7 7 7 7 22 22 22 22 22 77 79 79 79 81
4783 1456774 8 8 8 8 8 32 32 32 32 32 119 122 122 122 122 432 452 452 456 456 1503 1767 1831 1884 1911
873 7597563 22 22 22 22 22 85 86 86 86 86 401 435 437 437 438 1771 2004 2045 2070 2089 6740 8532 8981 9174 9347
1127 2909927 11 11 11 11 11 34 34 34 36 36 146 146 146 159 159 651 666 682 782 782 2501 2867 3103 3631 3655
6201 838226 6 6 6 6 6 18 18 18 18 18 55 55 55 55 55 256 256 257 257 257 1000 1077 1140 1155 1156
9243 1007525 2 2 2 2 2 12 12 12 12 12 64 64 64 64 64 237 239 249 249 249 940 1025 1116 1119 1122
9931 1507947 8 8 8 8 8 26 26 26 26 26 85 85 85 85 85 383 394 395 395 395 1530 1742 1822 1888 1891
4073 1321244 4 4 4 4 4 16 16 16 16 16 89 89 89 89 89 391 425 426 431 431 1390 1657 1690 1739 1762
6303 231282 4 4 4 4 4 10 10 10 10 10 28 28 28 28 28 66 66 66 66 66 260 286 290 300 300
7177 819252 4 4 4 4 4 16 16 16 16 16 61 61 61 61 61 193 200 208 208 208 713 820 906 917 921
317 9825173 33 33 33 33 33 130 130 130 130 130 562 576 583 583 585 2363 2495 2571 2599 2632 9197 10700 11489 11854 12153
5883 1143607 3 3 3 3 3 7 7 7 7 7 58 58 59 59 59 250 277 283 286 286 1051 1290 1359 1395 1410
2369 21043389 69 69 69 69 69 306 306 306 306 306 1344 1351 1359 1359 1359 5573 5834 5914 5930 5939 21501 24974 26226 26715 26961
4453 2053401 1 1 1 1 1 22 22 22 22 22 108 108 108 108 108 479 527 536 537 538 1878 2324 2438 2464 2503
1039 7336569 14 14 14 14 14 79 79 79 79 79 432 432 432 432 432 1882 1924 1938 1952 1952 7309 8366 8653 8895 8993
8999 34207 2 2 2 2 2 6 6 6 6 6 10 10 10 10 10 23 23 23 23 23 64 65 65 65 65
7619 458074 1 1 1 1 1 5 5 5 5 5 23 24 24 24 24 107 114 114 114 114 461 540 551 551 552
167 1187388 10 10 10 10 10 31 31 31 31 31 99 100 100 100 100 318 332 342 356 361 1103 1297 1390 1475 1513
4817 584352 4 4 4 4 4 6 6 6 6 6 30 30 30 30 30 145 158 165 165 165 571 660 708 713 724
4233 15126 1 1 1 1 1 2 2 2 2 2 3 3 3 3 3 10 10 10 10 10 27 27 27 27 27
311 10677324 37 37 37 37 37 154 154 154 155 155 639 641 641 655 655 2662 2774 2799 2895 2908 10311 11733 12312 13087 13216
121 5416051 11 11 11 11 11 63 63 63 63 63 324 326 326 328 328 1467 1518 1534 1560 1561 5509 6409 6676 6864 6913
8807 505 2 2 2 2 2 2 2 2 2 2 3 3 3 3 3 4 4 4 4 4 6 6 6 6 6
#resid 0 0 0 0 0
