# q=5 mode=iidq roots=300 cp_lo=4 cp_hi=10 buf_lo=9 buf_hi=15 seed=2026
# root nvisited then n_cp*n_buf cumulative counts N(val<=cp[ci], pmax<=buf[bi]) row-major ci,bi
1077 31729136 6 6 6 6 6 6 6 16 16 16 16 16 16 16 68 79 79 79 79 79 79 262 316 330 338 347 354 354 964 1268 1393 1448 1541 1589 1589 2472 4737 5797 6375 6968 7332 7346 2472 12525 22055 27397 31322 33755 34158
1699 6521802 3 3 3 3 3 3 3 5 5 5 5 5 5 5 9 9 9 11 11 11 11 49 52 52 60 60 60 60 189 262 275 305 306 308 308 533 1095 1254 1440 1460 1483 1493 533 2950 4772 6151 6502 6785 6949
303 650201725 72 72 72 72 72 72 72 307 310 310 310 310 310 310 1368 1390 1408 1408 1408 1411 1412 5934 6359 6612 6659 6702 6729 6745 22761 27578 30024 30915 31560 31838 32002 60137 105799 129519 140045 146602 149455 151257 60137 280087 497614 604765 664631 693737 710135
9511 65140357 7 7 7 7 7 7 7 31 31 31 31 31 31 31 133 133 133 134 134 134 134 636 662 663 675 675 675 675 2540 2924 3063 3164 3190 3216 3219 6842 11234 13486 14529 14955 15246 15391 6842 29720 51639 62408 67354 70465 71942
2921 35006610 5 5 5 5 5 5 5 17 17 17 17 17 17 17 68 77 78 78 78 78 78 283 343 365 365 370 370 370 1143 1506 1665 1686 1728 1753 1754 3038 5783 7085 7463 7855 8059 8120 3038 15364 27223 32118 35656 37545 38306
9989 3951368 2 2 2 2 2 2 2 3 3 3 3 3 3 3 11 11 11 11 11 11 11 49 51 51 51 51 51 51 199 241 241 241 243 243 243 484 853 922 946 961 966 966 484 2278 3570 4012 4198 4338 4367
9469 208484 2 2 2 2 2 2 2 3 3 3 3 3 3 3 4 4 4 4 4 4 4 4 4 4 4 4 4 4 6 6 8 8 8 8 8 17 17 47 48 48 49 49 17 54 189 223 228 245 247
881 34743232 6 6 6 6 6 6 6 21 21 21 21 21 21 21 96 96 96 96 96 96 96 374 374 377 384 384 384 384 1384 1515 1605 1675 1683 1695 1698 3680 5750 6981 7613 7804 7975 8037 3680 15267 27103 32967 35269 36947 37767
3817 2044908 2 2 2 2 2 2 2 4 4 4 4 4 4 4 5 5 5 5 5 5 5 19 19 19 19 19 19 19 65 68 78 78 78 78 78 166 258 350 356 386 396 411 166 741 1463 1666 1938 2079 2220
6823 16550835 2 2 2 2 2 2 2 5 5 5 5 5 5 5 26 26 29 29 33 33 33 110 112 124 124 150 150 150 448 529 597 600 766 775 775 1277 2213 2742 2856 3836 3933 3958 1277 5825 10436 12113 16920 17654 18082
5489 167392552 13 13 13 13 13 13 13 62 62 62 62 62 62 62 278 298 300 301 302 302 302 1275 1474 1520 1544 1564 1564 1564 5184 6801 7446 7734 7952 7979 7994 13762 26309 32625 35545 37626 38197 38512 13762 70152 126150 153824 171732 178529 182125
4229 15438656 2 2 2 2 2 2 2 6 6 6 6 6 6 6 31 31 31 31 31 31 31 157 158 166 167 167 167 167 593 658 744 775 775 775 775 1558 2505 3198 3511 3577 3627 3630 1558 6570 12248 15322 16367 16857 17030
9383 261279 2 2 2 2 2 2 2 3 3 3 3 3 3 3 5 5 5 5 5 5 5 6 6 6 6 6 6 6 20 21 21 21 21 21 21 41 70 71 72 72 72 72 41 180 283 312 316 316 316
1931 50596735 3 3 3 3 3 3 3 21 21 21 21 21 21 21 82 89 93 96 96 96 96 421 472 498 542 542 543 543 1593 2068 2258 2514 2527 2544 2547 4209 7954 9648 11256 11562 11912 11956 4209 21163 36548 48374 52079 55035 55778
4409 181747676 12 12 12 12 12 12 12 71 71 71 71 71 74 74 303 311 319 319 319 369 369 1343 1447 1524 1535 1536 1842 1845 5136 6233 6934 7197 7289 8909 8939 13648 23941 30304 33021 34179 41974 42313 13648 62943 115461 141838 154378 194391 198152
3647 9548340 2 2 2 2 2 2 2 4 4 4 4 4 4 4 9 9 9 9 9 9 9 65 66 67 72 72 72 72 313 365 387 450 450 456 456 812 1456 1826 2188 2207 2250 2257 812 3915 7107 9481 9977 10452 10607
9637 117577182 6 6 6 6 6 6 6 43 43 43 43 43 43 43 223 223 227 235 235 235 235 992 1028 1075 1141 1154 1154 1154 3907 4518 5021 5464 5569 5596 5616 10491 17308 21733 25082 26236 26803 27054 10491 46119 83646 109146 120151 125976 128617
9697 16375957 1 1 1 1 1 1 1 5 5 5 5 5 5 5 24 24 24 24 24 24 24 131 133 137 139 139 139 139 576 617 701 753 762 762 765 1582 2511 3194 3629 3767 3791 3815 1582 6556 12136 15615 17154 17631 17866
8649 4777053 3 3 3 3 3 3 3 8 8 8 8 8 8 8 19 19 19 19 19 19 19 59 59 59 59 59 59 59 212 225 234 239 240 240 240 550 827 955 1016 1041 1049 1058 550 2267 3757 4494 4809 4922 4994
2967 4948007 2 2 2 2 2 2 2 5 5 5 5 5 5 5 15 15 15 15 15 15 15 63 63 63 63 63 63 63 239 258 259 269 274 274 274 605 920 998 1082 1136 1158 1164 605 2427 3854 4577 5151 5386 5441
1657 446821293 32 32 32 32 32 32 32 189 189 193 193 193 193 193 909 937 967 967 970 970 970 3927 4224 4426 4471 4527 4527 4527 15199 18422 20237 20947 21549 21629 21675 40519 70799 87972 95882 101295 102960 103712 40519 186166 336900 413450 459053 477674 487331
4433 2008489 2 2 2 2 2 2 2 2 2 2 2 2 2 2 5 5 5 5 5 5 5 18 21 21 21 21 21 21 94 116 119 119 119 119 119 237 454 505 511 512 512 514 237 1213 1901 2155 2213 2249 2285
7777 16435711 2 2 2 2 2 2 2 10 10 10 10 10 10 10 36 39 39 39 39 39 39 144 161 173 173 173 173 173 611 725 860 868 872 872 878 1579 2692 3653 3855 3923 3944 3993 1579 7088 13998 16483 17360 17862 18309
943 388048175 32 32 32 32 32 32 32 167 171 172 172 172 172 172 742 764 773 804 804 806 806 3120 3423 3573 3825 3866 3883 3883 12040 14913 16333 17882 18357 18610 18676 31813 57604 71049 81457 85950 88231 89161 31813 153145 273452 352251 391848 412421 422385
6521 40086510 3 3 3 3 3 3 3 14 14 14 15 15 15 15 73 73 73 85 85 85 85 316 317 319 401 401 402 402 1348 1443 1506 1979 1997 2019 2029 3544 5421 6316 8993 9213 9407 9475 3544 14495 23999 38316 41023 42883 43680
2081 26743167 4 4 4 4 4 4 4 15 15 15 15 15 15 15 49 49 49 49 49 49 49 199 202 212 232 232 234 234 817 953 1040 1207 1221 1268 1269 2168 3679 4438 5377 5587 5880 5931 2168 9742 17053 23589 25772 27877 28469
9753 105919593 7 7 8 8 8 8 8 39 39 60 60 60 60 60 147 149 259 259 259 259 259 601 638 1166 1179 1192 1192 1192 2338 2748 5057 5293 5428 5444 5446 6170 10404 21276 23364 24545 24849 24973 6170 27553 81192 99767 109838 114115 116094
1069 88447193 9 9 9 9 9 9 9 41 41 41 41 41 41 41 170 170 185 185 185 185 185 787 819 920 934 934 934 934 3037 3601 4253 4394 4406 4426 4429 7946 13729 18237 19597 20117 20410 20523 7946 36192 69693 84224 91114 94754 96436
653 304360444 20 20 20 20 20 20 20 115 115 115 126 128 128 128 554 556 561 638 673 673 673 2269 2356 2459 2874 3058 3066 3066 8506 10144 11278 13494 14497 14620 14656 22256 38822 49165 61918 68088 69591 70256 22256 102452 189089 268054 311182 325980 333176
1573 22156644 5 5 5 5 5 5 5 12 12 12 12 12 12 12 48 49 49 49 49 49 49 211 219 221 223 223 224 224 776 921 1003 1032 1041 1045 1050 2085 3607 4437 4848 5117 5189 5227 2085 9565 17059 20898 23189 23933 24340
7977 31104472 3 3 3 3 3 3 3 8 8 8 8 8 8 8 41 41 41 57 57 57 57 194 198 200 324 324 324 324 730 838 902 1551 1556 1562 1562 1856 3041 3847 6984 7111 7249 7275 1856 7876 14516 29976 32107 33585 34077
4823 1852521 2 2 2 2 2 2 2 3 3 3 3 3 3 3 11 11 11 11 11 11 11 41 41 41 41 41 41 41 124 132 133 133 133 133 133 301 418 472 477 484 485 485 301 1070 1782 1940 2087 2123 2138
2579 4836268 3 3 3 3 3 3 3 5 5 5 5 5 5 5 19 19 19 19 19 19 19 55 55 55 55 55 55 55 191 227 228 246 246 246 246 487 834 909 1007 1035 1058 1059 487 2238 3461 4366 4785 5044 5088
9889 135665249 14 14 14 14 14 14 14 61 61 61 61 61 61 61 308 310 313 314 314 314 314 1410 1453 1486 1499 1499 1501 1501 5392 6122 6537 6675 6701 6748 6776 14416 23689 28168 30058 30820 31427 31842 14416 62039 107125 128783 138454 144378 148067
8811 231518110 13 13 13 13 13 13 13 97 97 97 97 97 97 97 533 537 540 540 543 543 543 2271 2355 2396 2408 2424 2435 2437 8802 10256 10818 11082 11259 11373 11423 23240 39052 46303 49861 52020 53219 53787 23240 102307 176145 213824 235198 246209 252180
1491 206827208 33 33 33 33 33 33 33 93 93 93 100 102 102 102 395 396 399 443 472 472 472 1766 1812 1852 2064 2186 2186 2186 6752 7664 8283 9414 10083 10111 10136 17850 28933 35427 42225 46381 47143 47464 17850 76984 137049 182990 211901 220765 224544
1079 57621741 6 6 6 6 6 6 6 24 24 24 24 24 24 24 116 116 118 118 118 118 118 457 473 512 522 522 524 524 1877 2183 2557 2639 2662 2684 2694 4932 8565 11511 12480 12853 13071 13162 4932 22963 44969 54472 59092 61394 62500
3649 50558321 6 6 6 6 6 6 6 32 32 32 32 32 32 32 108 108 108 108 108 108 108 471 484 491 494 494 494 501 1825 2111 2261 2295 2314 2320 2381 4801 8139 9959 10598 10898 11036 11444 4801 21529 38411 46105 50095 51934 54674
7071 2139831 3 3 3 3 3 3 3 5 5 5 5 5 5 5 12 12 12 12 12 12 12 44 44 44 44 44 44 44 133 136 137 137 137 137 139 337 481 541 551 557 563 574 337 1266 2035 2241 2334 2391 2462
3721 12895315 3 3 3 3 3 3 3 13 13 13 13 13 13 13 37 37 37 37 37 37 37 95 96 110 110 110 110 110 364 438 559 564 571 572 572 1020 1845 2647 2826 2898 2956 2967 1020 5077 10469 12476 13377 14009 14169
4049 50366693 5 5 5 5 5 5 5 23 23 23 23 23 23 23 111 111 111 111 111 111 111 466 475 483 489 492 492 492 1781 2101 2282 2328 2373 2389 2390 4716 8204 10260 10894 11455 11645 11704 4716 21735 39451 47017 52388 54515 55455
3927 10695808 3 3 3 3 3 3 3 7 7 7 7 7 7 7 37 37 37 37 37 37 37 121 123 123 127 127 127 127 450 518 526 550 550 550 550 1144 1996 2235 2524 2545 2563 2574 1144 5174 8435 10847 11420 11737 11916
109 729766810 57 57 57 57 57 57 57 310 326 326 327 328 328 328 1418 1525 1540 1583 1598 1600 1601 6235 6953 7159 7435 7552 7601 7621 23599 29601 32041 34130 35184 35659 35839 62818 113499 138062 155063 163687 168101 169822 62818 298346 525170 663357 737608 776949 794454
8309 12843524 2 2 2 2 2 2 2 11 11 11 11 11 11 11 32 32 32 32 32 32 32 121 125 133 133 133 133 133 472 535 581 589 595 606 607 1200 1993 2403 2563 2650 2744 2756 1200 5391 9546 11699 12727 13410 13598
8129 2648844 1 1 1 1 1 1 1 5 5 5 5 5 5 5 9 9 9 9 9 9 9 36 36 36 36 36 36 36 113 122 129 129 130 130 130 311 461 586 613 628 632 632 311 1162 2247 2612 2802 2857 2867
7069 9493041 6 6 6 6 6 6 6 12 12 12 12 12 12 12 36 36 36 36 36 36 36 126 127 128 128 128 128 128 429 501 523 523 527 528 528 1134 1868 2205 2249 2291 2311 2317 1134 5020 8439 9454 10119 10418 10550
1401 231968772 8 8 8 8 8 8 8 60 60 69 69 69 69 69 369 371 439 440 442 444 444 1685 1796 2265 2299 2325 2343 2348 6586 7782 10574 11064 11341 11508 11557 17196 29225 45057 49371 52203 53611 54146 17196 76592 170838 210790 234894 247577 253171
2793 121573300 8 8 8 8 8 8 8 52 52 52 52 52 52 52 189 209 209 209 212 213 213 890 1116 1137 1145 1168 1177 1177 3372 4956 5288 5476 5659 5750 5767 8884 19187 23138 25328 26782 27425 27686 8884 50817 89350 110015 122419 128466 131362
9041 13826657 2 2 2 2 2 2 2 16 16 16 16 16 16 16 36 36 36 36 36 36 36 151 159 159 159 160 160 160 534 615 628 644 667 669 669 1427 2303 2602 2914 3114 3140 3166 1427 6139 9938 12559 14313 14768 15114
377 25176681 7 7 7 7 7 7 7 20 20 20 20 20 20 20 65 69 69 69 69 69 69 204 255 258 258 258 265 273 721 1090 1149 1153 1158 1219 1333 1927 4098 4803 4978 5123 5509 6109 1927 10782 18053 21115 22704 24827 27759
219 408429394 36 36 36 36 36 36 36 162 162 162 162 162 162 162 866 886 898 908 910 910 910 3802 4034 4140 4237 4289 4298 4314 14500 16992 18257 19204 19771 19864 20020 38537 64958 78341 86856 91848 93372 94558 38537 172067 300324 375061 418394 436264 447015
6749 865385185 69 70 70 70 70 70 70 377 397 399 399 399 399 399 1639 1791 1826 1827 1827 1827 1827 7349 8357 8695 8768 8791 8818 8867 28636 36433 39546 40780 41288 41664 42017 76260 140797 171393 185915 192774 196898 199796 76260 372448 657558 803659 876518 916951 942783
4341 19938166 4 4 4 4 4 4 4 13 13 13 13 13 13 13 50 51 51 51 51 51 51 199 225 225 225 227 227 227 664 892 930 938 969 977 978 1716 3439 4028 4236 4452 4565 4616 1716 8924 15147 17909 19810 21002 21509
5053 134342783 11 11 11 11 11 11 11 63 63 63 63 63 63 63 268 268 276 277 277 277 277 1202 1247 1311 1328 1330 1334 1336 4618 5391 5995 6225 6292 6392 6399 12367 21191 26808 28985 30022 31050 31179 12367 56064 102916 124774 135886 144387 146697
4001 268951355 31 31 31 31 31 31 31 142 142 142 142 142 144 144 570 575 580 592 592 610 610 2404 2570 2633 2716 2731 2806 2809 9292 11048 11851 12575 12742 13182 13223 24517 42445 51290 57212 59347 62251 62782 24517 112107 196350 246783 268592 288360 294568
8597 36225309 1 1 1 1 1 1 1 16 16 16 16 16 16 16 89 89 89 89 89 91 91 341 341 344 344 344 380 380 1322 1490 1573 1581 1626 1806 1806 3437 5549 6579 6947 7328 8269 8277 3437 14724 25272 30230 33874 38927 39317
5583 2771306 2 2 2 2 2 2 2 4 4 4 4 4 4 4 10 10 10 10 10 10 10 29 29 33 33 33 33 33 99 105 128 130 130 130 130 285 398 582 609 624 638 638 285 1028 2140 2634 2813 2947 2958
9399 1576268 1 1 1 1 1 1 1 2 2 2 2 2 2 2 6 6 6 6 6 6 6 21 22 22 22 22 22 22 53 68 84 84 84 84 84 157 282 404 407 407 412 414 157 720 1458 1601 1643 1757 1775
9441 10850637 1 1 1 1 1 1 1 6 6 6 6 6 6 6 23 23 23 24 24 24 24 122 122 123 131 131 131 131 453 485 511 563 572 574 578 1170 1746 2099 2415 2567 2589 2625 1170 4430 7796 10043 11340 11687 11959
357 56435866 7 7 7 7 7 7 7 19 19 19 19 19 19 19 102 102 102 102 102 102 102 496 525 526 540 540 540 542 1965 2283 2448 2602 2614 2616 2637 5172 8642 10737 12025 12450 12638 12807 5172 23025 42052 52969 57634 60021 61596
3471 18041508 1 1 1 1 1 1 1 3 3 3 3 3 3 3 27 27 27 27 27 27 27 155 178 178 179 179 179 179 584 777 804 841 853 857 859 1592 3088 3535 3993 4160 4197 4238 1592 8345 13706 17622 19181 19629 19987
287 215012902 26 26 26 26 26 26 26 111 111 113 113 113 113 113 444 459 475 475 475 475 475 1857 2021 2142 2162 2193 2193 2202 7294 8976 9965 10271 10533 10574 10677 19433 34225 42472 45865 48371 49022 49825 19433 90324 161974 196805 218405 226726 233322
1483 3088165 3 3 3 3 3 3 3 6 6 6 6 6 6 6 12 12 12 12 12 12 12 44 44 44 44 44 44 44 166 172 174 174 174 174 174 409 562 643 682 697 704 711 409 1436 2450 2912 3137 3273 3351
4203 4199223 1 1 1 1 1 1 1 4 4 4 4 4 4 4 9 9 9 9 9 9 9 45 45 45 45 45 45 45 173 194 196 201 201 201 201 488 763 828 901 921 927 927 488 2008 3114 3850 4191 4372 4404
8199 142783192 7 8 8 8 8 8 8 41 56 56 56 56 56 56 193 307 307 307 307 309 309 866 1485 1489 1502 1504 1538 1538 3219 6341 6565 6760 6852 7111 7118 8658 24250 28041 30504 31526 33041 33243 8658 64117 106370 130400 142213 152740 155603
3017 21394691 4 4 4 4 4 4 4 18 18 18 18 18 18 18 69 69 69 69 69 69 69 237 244 248 248 248 248 248 843 955 1031 1040 1046 1050 1050 2290 3616 4452 4720 4935 5006 5020 2290 9465 16686 19855 21854 22941 23234
8673 82584831 8 8 8 8 8 8 8 43 43 43 43 43 43 43 189 190 190 190 190 194 194 772 848 869 870 870 902 902 2882 3563 3869 3918 3931 4097 4106 7654 13823 16860 17885 18220 19136 19322 7654 36757 64587 76532 81978 88430 90265
9217 16650905 3 3 3 3 3 3 3 10 10 10 10 10 10 10 34 34 34 34 34 34 34 163 169 169 169 169 169 169 670 807 831 838 842 847 854 1796 3136 3544 3679 3805 3871 3899 1796 8493 13788 15815 17149 17974 18279
3799 14574883 3 3 3 3 3 3 3 6 6 6 6 6 6 6 20 20 20 20 20 20 20 108 109 109 109 109 109 114 482 559 586 609 618 618 666 1288 2204 2598 2836 2999 3014 3286 1288 6005 10190 12648 14062 14368 15957
481 916101390 89 89 89 89 89 89 89 414 414 416 424 424 424 424 1734 1771 1798 1895 1903 1905 1905 7554 8202 8557 9242 9327 9354 9354 28879 35543 39103 43370 44291 44778 44865 76452 136293 169264 197495 206705 211858 213633 76452 359705 648402 851373 936013 983694 1003830
9669 126183933 13 13 13 13 13 13 13 70 70 70 70 70 70 70 248 256 264 264 264 265 266 1150 1232 1311 1337 1340 1392 1399 4213 5118 5684 5893 5942 6312 6369 11099 19696 24612 26674 27440 29530 29954 11099 52423 94214 113826 122418 135251 138589
8521 36293504 1 1 1 1 1 1 1 11 11 11 11 11 11 11 45 48 48 48 48 48 48 252 314 316 319 319 325 325 1060 1510 1608 1690 1698 1747 1748 2752 5720 6839 7590 7801 8111 8158 2752 15206 26335 33351 36188 38408 39078
4429 18534258 4 4 4 4 4 4 4 13 13 13 13 13 13 13 51 51 51 51 51 51 51 213 214 217 218 222 222 222 802 845 904 925 941 944 944 2100 3143 3788 4153 4306 4389 4406 2100 8213 14304 17658 19341 20102 20427
679 41115021 4 4 4 4 4 4 4 15 15 15 15 15 15 15 78 79 79 79 79 79 79 344 373 382 388 388 388 388 1353 1650 1779 1919 1950 1962 1962 3560 6351 7734 8875 9199 9336 9357 3560 16936 30054 38895 42501 44004 44486
1043 157404065 11 11 11 11 11 11 11 39 47 47 47 47 47 47 185 299 300 301 301 305 305 811 1525 1575 1584 1588 1632 1632 2867 6483 7192 7334 7412 7686 7709 7394 24628 31100 33178 34245 35895 36236 7394 65077 118976 143439 156143 167650 171369
8687 45075134 5 5 5 5 5 5 5 13 13 13 13 13 16 16 57 57 57 71 71 87 87 272 279 279 355 358 436 436 1081 1259 1270 1696 1746 2118 2121 2912 4934 5560 8000 8428 10211 10287 2912 13120 21320 34746 38444 47710 48649
687 111661411 9 9 9 9 9 9 9 46 46 46 46 46 46 46 222 233 233 233 233 233 233 996 1123 1137 1157 1165 1167 1168 3853 4785 5023 5223 5356 5408 5433 10335 18314 21591 23479 24839 25391 25623 10335 48848 83236 101582 113107 118775 121268
2021 18818858 5 5 5 5 5 5 5 17 17 17 17 17 17 17 51 51 51 51 51 51 51 193 203 206 209 210 210 210 699 840 879 901 915 927 931 1857 3215 3723 4021 4210 4386 4437 1857 8310 13861 16849 18622 19895 20357
8009 8498271 1 1 1 1 1 1 1 5 5 5 5 5 5 5 31 32 32 32 32 32 32 91 101 101 101 101 101 101 364 460 468 473 473 473 473 874 1597 1875 1956 1987 1993 1993 874 4226 7177 8409 9000 9245 9326
5183 79996358 9 9 9 9 9 9 9 43 43 43 43 43 43 43 190 192 192 192 192 192 192 811 836 852 853 864 865 881 2941 3303 3584 3665 3765 3779 3874 7818 12575 15536 16676 17514 17763 18338 7818 33028 59780 72630 80030 83003 86888
5891 4248583 2 2 2 2 2 2 2 4 4 4 4 4 4 4 9 9 9 9 9 9 9 31 31 31 31 31 31 31 128 149 169 170 170 170 170 385 652 842 907 925 943 947 385 1761 3254 3909 4216 4464 4583
5823 263176987 26 26 26 26 26 26 26 136 136 136 136 136 136 136 593 601 603 603 603 604 604 2492 2587 2627 2654 2680 2699 2699 9308 11071 11810 12232 12556 12750 12789 24399 42462 50716 55041 58043 59924 60535 24399 112548 194559 238105 263599 279289 286053
2697 159572542 18 18 18 18 18 18 18 79 79 79 79 79 79 79 346 348 348 348 348 348 348 1520 1597 1613 1623 1627 1630 1632 5918 7078 7507 7690 7811 7880 7903 15555 26760 31886 34165 35648 36413 36687 15555 70978 122267 147541 162146 169519 172559
7277 66385764 11 11 11 11 11 11 11 47 47 47 47 47 47 47 154 154 154 154 154 154 154 646 686 697 700 702 702 702 2493 2931 3141 3194 3244 3258 3265 6578 11374 13671 14489 15070 15275 15408 6578 30290 52710 62355 68240 70832 72329
797 24926854 4 4 4 4 4 4 4 12 12 12 12 12 12 12 50 57 57 57 57 57 57 207 262 262 262 262 262 262 893 1192 1215 1226 1232 1239 1239 2447 4662 5305 5563 5696 5762 5792 2447 12186 20521 24254 25962 26817 27296
9661 9980045 7 7 7 7 7 7 7 15 15 15 15 15 15 15 34 34 34 34 34 34 34 103 103 104 104 105 106 106 381 436 467 476 496 504 506 981 1666 2057 2141 2283 2358 2393 981 4383 7926 9075 10192 10678 11094
7801 118637673 9 9 9 9 9 9 9 48 49 49 50 50 50 50 237 245 251 256 257 257 257 971 1036 1082 1111 1134 1134 1148 3820 4540 5023 5268 5544 5568 5654 10081 17491 21740 24181 26145 26500 27084 10081 46540 83937 105186 119412 123627 128327
6517 33726834 1 1 1 1 1 1 1 10 11 11 11 11 11 11 63 66 66 66 66 66 66 269 349 353 360 360 360 366 963 1459 1588 1683 1692 1692 1731 2587 5512 6642 7403 7606 7711 7927 2587 14198 24897 31463 33893 35175 36596
927 1005699188 72 72 72 72 72 72 72 415 423 423 423 423 423 423 1926 2045 2056 2067 2068 2070 2083 8622 9608 9840 10009 10098 10145 10236 33186 41422 44603 46462 47450 47958 48571 87970 158826 192080 211699 221291 226452 231083 87970 420702 737488 917023 1007425 1056447 1092482
7951 4655544 2 2 2 2 2 2 2 2 2 2 2 2 2 2 7 7 7 7 7 7 7 44 55 55 55 55 55 55 200 272 274 275 275 275 275 507 951 1055 1111 1146 1149 1150 507 2421 3856 4580 5078 5181 5196
1763 287936648 12 12 12 12 12 12 12 106 107 107 107 107 107 107 518 534 538 540 540 540 540 2263 2482 2627 2683 2683 2697 2720 8663 10910 12229 12877 13000 13178 13390 22782 42281 53467 59529 61660 63453 65033 22782 112336 206409 259586 283691 299269 310619
2387 6357409 2 2 2 2 2 2 2 3 3 3 3 3 3 3 10 11 11 11 11 11 11 58 65 65 65 65 65 65 242 295 328 333 333 333 333 621 1028 1303 1388 1397 1416 1420 621 2701 5119 6188 6555 6851 6928
3353 3218820 2 2 2 2 2 2 2 3 3 3 3 3 3 3 9 9 9 9 9 9 9 29 29 29 32 32 32 32 116 124 132 164 164 167 167 312 471 578 738 748 764 779 312 1239 2212 3168 3380 3489 3630
4071 85390054 7 7 7 7 7 7 7 51 51 51 51 51 51 51 207 213 213 213 213 213 213 883 939 951 955 955 955 955 3314 3818 4037 4135 4211 4229 4234 8837 14829 17602 18882 19786 20169 20321 8837 38946 66748 80996 89184 93031 95010
9161 13455763 1 1 1 1 1 1 1 7 7 7 7 7 7 7 27 27 27 27 27 27 27 109 119 121 121 121 121 121 431 531 604 619 648 648 648 1170 2092 2676 2902 3131 3161 3163 1170 5685 10339 12466 14056 14494 14615
2439 295908376 31 31 31 31 31 31 31 131 133 133 133 133 133 133 579 606 607 620 620 620 620 2622 2951 3010 3079 3088 3092 3093 10087 12855 13624 14187 14399 14509 14536 26653 49531 59108 64566 67156 68399 68872 26653 130832 226578 277265 303201 316627 322910
1729 25943760 4 4 4 4 4 4 4 20 20 20 20 20 20 20 71 71 71 71 71 71 71 243 243 262 269 269 269 269 901 989 1138 1204 1207 1211 1211 2360 3799 5025 5605 5730 5835 5869 2360 9979 19538 24446 26457 27724 28185
9419 95943806 4 4 4 4 4 4 4 36 36 36 36 36 36 36 188 190 193 193 193 194 194 874 914 950 951 951 975 975 3479 4002 4400 4504 4534 4697 4733 9223 14962 18737 20231 20868 21889 22283 9223 39188 70995 86312 93800 100640 103862
6369 3457817 3 3 3 3 3 3 3 5 5 5 5 5 5 5 20 20 20 20 20 20 20 57 57 57 57 57 57 57 164 173 173 173 174 175 175 426 586 667 709 743 753 755 426 1545 2559 3038 3415 3533 3594
8627 39238670 4 4 4 4 4 4 4 10 10 10 10 10 10 10 66 70 70 70 70 70 70 328 363 369 370 370 370 370 1373 1679 1807 1845 1861 1877 1877 3650 6432 7923 8566 8788 8977 9036 3650 16990 30521 37107 40039 41975 42717
7001 16775538 2 2 2 2 2 2 2 4 4 4 4 4 4 4 35 35 35 35 35 35 35 145 147 150 150 150 150 151 633 725 797 800 800 804 815 1715 2847 3469 3699 3756 3810 3884 1715 7513 13401 16156 17128 17727 18337
1819 58742042 5 5 5 5 5 5 5 29 29 29 29 29 29 29 118 118 121 121 121 122 122 558 578 628 630 633 643 643 2044 2350 2755 2826 2899 2966 2969 5275 8706 11716 12629 13325 13761 13804 5275 23219 44946 54052 60210 63289 64218
7831 9536128962 861 870 901 901 901 901 901 4204 4272 4431 4437 4446 4446 4446 19177 19892 20726 20849 20936 20977 20977 82474 89901 95756 97384 98455 99014 99109 315789 386546 432416 449999 460441 465769 467782 835804 1481817 1862412 2038463 2137240 2188495 2212485 835804 3918023 7136781 8794097 9698018 10171352 10410508
457 82344708 13 13 13 13 13 13 13 45 45 45 45 45 45 45 184 184 184 184 184 184 184 793 823 829 835 844 844 844 3124 3625 3759 3915 3981 3983 3989 8379 13839 16102 17673 18442 18700 18819 8379 36654 62007 76569 83898 87351 89135
8001 132402087 20 20 20 20 20 20 20 77 77 77 77 77 77 77 319 323 324 325 325 325 325 1206 1277 1306 1319 1322 1322 1322 4602 5631 6153 6307 6369 6386 6392 12193 22035 27268 29396 30337 30693 30878 12193 58265 105328 127812 138230 142965 145647
8233 141908447 10 10 10 10 10 10 10 57 57 57 57 57 57 57 287 290 290 290 290 299 299 1333 1390 1404 1404 1408 1486 1491 4994 5814 6172 6286 6337 6787 6858 13227 22264 27006 28849 29657 32288 32842 13227 58632 104488 125449 135353 150797 155350
9781 258337559 28 28 28 28 28 28 28 129 129 129 129 129 129 129 623 625 627 627 628 628 628 2493 2572 2633 2671 2690 2705 2706 9368 10823 11521 12039 12278 12446 12501 24814 42004 49829 54883 57417 58773 59355 24814 112191 192111 239213 262340 274580 280796
5717 19049631 4 4 4 4 4 4 4 9 9 9 9 9 9 9 46 46 46 46 46 46 46 207 210 211 213 213 213 213 751 848 875 914 918 926 927 2024 3289 3708 4128 4218 4355 4364 2024 8636 14244 18078 19402 20605 20857
6743 58073208 8 8 8 8 8 8 8 25 25 25 25 25 25 25 102 114 114 114 114 114 114 416 514 522 526 526 526 526 1792 2566 2757 2832 2859 2883 2894 4754 9996 11969 12926 13301 13527 13634 4754 26609 45981 55314 59818 62242 63403
9087 57144792 2 2 2 2 2 2 2 15 15 15 15 15 15 15 76 85 87 88 88 88 88 362 453 489 498 500 500 508 1376 1986 2358 2469 2514 2523 2552 3821 7947 10926 12013 12566 12694 12896 3821 20924 42427 52204 57407 59478 61158
7451 30783913 8 8 8 8 8 8 8 21 21 21 21 21 21 21 78 78 78 78 78 78 78 315 319 327 331 331 333 333 1096 1250 1354 1395 1423 1450 1450 2888 4933 6051 6554 6842 7090 7136 2888 13067 23496 28382 31221 33204 33757
8377 2880790 2 2 2 2 2 2 2 5 5 5 5 5 5 5 9 9 9 9 9 9 9 34 34 34 34 35 35 35 110 117 124 124 131 131 131 295 498 577 604 656 661 667 295 1317 2164 2501 2947 3004 3064
8013 64821719 6 6 6 6 6 6 6 26 26 26 26 26 26 26 131 131 136 136 136 136 136 598 626 663 663 666 666 666 2369 2776 3082 3142 3173 3184 3185 6158 10420 13025 14144 14625 14808 14880 6158 27420 49773 61679 66668 68889 70099
819 84523066 7 7 7 7 7 7 7 33 33 33 33 33 33 33 168 178 178 178 178 178 178 782 856 861 874 877 877 877 2929 3599 3893 4086 4137 4145 4146 7856 14118 17216 18919 19518 19762 19820 7856 37280 66312 82067 88875 92180 93401
8003 23812304 2 2 2 2 2 2 2 12 12 12 12 12 12 12 58 60 60 60 60 60 60 217 243 243 243 243 243 244 851 1117 1164 1194 1194 1194 1204 2215 4362 5060 5461 5536 5620 5689 2215 11471 18795 22923 24498 25544 26038
389 692985339 59 59 59 59 59 59 59 315 315 320 322 322 322 322 1266 1285 1380 1432 1432 1432 1437 5372 5800 6549 6955 6961 6963 6993 20769 25431 30377 33218 33569 33709 34004 55062 97079 130587 150062 155030 157302 159961 55062 256869 502037 649725 705298 732864 755672
6349 94529645 13 13 13 13 13 13 13 57 57 57 57 57 57 57 238 247 247 249 249 249 249 816 967 979 1012 1012 1013 1013 2949 4113 4362 4627 4664 4686 4708 7620 15498 18509 20730 21476 21784 22142 7620 40526 70528 88792 96515 100172 103217
5997 7215363 1 1 1 1 1 1 1 10 10 10 10 10 10 10 27 27 27 27 27 27 27 100 106 106 107 107 107 107 324 368 387 400 400 401 401 820 1315 1539 1704 1707 1721 1735 820 3414 5829 7338 7566 7840 7982
6319 4411505 3 3 3 3 3 3 3 5 5 5 5 5 5 5 18 18 18 18 18 18 18 63 63 63 63 63 63 63 180 190 214 226 226 226 227 419 642 869 969 975 979 996 419 1684 3344 4151 4433 4612 4763
1271 4182759 3 3 3 3 3 3 3 6 6 6 6 6 6 6 12 12 12 12 12 12 12 45 45 45 45 45 45 45 169 179 182 194 196 196 196 423 655 729 829 860 875 882 423 1745 2779 3614 4014 4243 4335
3167 111908659 11 11 11 11 11 11 11 39 39 39 39 39 39 39 181 190 191 192 192 192 192 821 918 962 1003 1009 1019 1019 3297 4388 4806 5181 5290 5363 5380 8801 17260 21360 24129 25275 25761 26027 8801 45633 81793 104340 115084 119938 122450
7499 187692328 20 20 20 20 20 20 20 91 96 96 96 96 96 96 378 430 433 438 448 448 448 1549 1935 1979 2028 2078 2078 2078 5836 8296 8882 9181 9453 9535 9548 15238 31428 37610 40564 42663 43669 43971 15238 83317 143623 174038 192148 202014 205800
7903 13522070 1 1 1 1 1 1 1 7 7 7 7 7 7 7 27 28 28 28 28 28 28 145 159 160 160 160 160 160 515 661 699 706 708 708 708 1312 2470 2924 3051 3149 3171 3176 1312 6590 11214 13055 14271 14614 14746
5409 33892173 6 6 6 6 6 6 6 17 17 17 17 17 17 17 62 63 63 63 63 63 63 278 305 305 310 310 310 310 1205 1504 1537 1601 1607 1607 1607 3268 5870 6678 7466 7647 7705 7737 3268 15430 25718 32766 35159 36239 36781
2277 12359380 2 2 2 2 2 2 2 6 6 6 6 6 6 6 28 28 31 31 31 31 31 103 109 134 134 134 134 134 327 427 555 565 565 570 570 887 1684 2492 2687 2704 2759 2768 887 4431 9705 11771 12294 12889 13166
7401 5533970 2 2 2 2 2 2 2 4 4 4 4 4 4 4 12 12 12 12 12 12 12 40 42 43 43 43 43 43 179 216 239 244 245 245 245 495 852 1092 1176 1227 1236 1238 495 2220 4218 5236 5714 5923 6017
6027 222825492 22 22 22 22 22 22 22 108 108 113 113 113 113 113 479 483 522 525 525 527 527 1923 2009 2289 2318 2320 2356 2357 7383 8687 10247 10634 10728 11001 11017 19563 33232 43525 47770 49167 51275 51576 19563 88183 165456 205180 222309 237910 241987
4911 74691741 8 8 8 8 8 8 8 38 38 38 38 38 38 38 143 152 152 152 152 152 152 659 741 744 750 750 750 750 2574 3314 3464 3557 3582 3591 3604 6895 12767 15037 16228 16731 16976 17197 6895 34163 57796 70323 75973 79195 81256
2403 17313649 2 2 2 2 2 2 2 4 4 4 4 4 4 4 35 35 35 35 35 35 35 157 167 168 168 168 168 170 621 694 715 730 737 739 794 1655 2675 3075 3385 3525 3617 3984 1655 7035 11690 14580 15995 16906 18781
7963 12570535 3 3 3 3 3 3 3 8 8 8 8 8 8 8 39 39 39 39 39 39 39 149 155 155 155 155 155 155 529 607 628 641 649 657 657 1351 2203 2585 2780 2909 3015 3021 1351 5722 9701 11595 12844 13676 13849
4191 40294458 1 1 1 1 1 1 1 17 17 17 17 17 17 17 83 84 84 84 84 84 84 385 404 408 408 408 408 408 1591 1842 1957 1976 1993 2000 2000 4250 6995 8297 8754 9071 9180 9205 4250 18530 32050 38075 41726 43220 43672
5087 5281154 3 3 3 3 3 3 3 7 7 7 7 7 7 7 19 19 19 19 19 19 19 43 43 43 46 47 47 47 165 196 211 254 263 263 263 414 775 949 1182 1246 1275 1282 414 2164 3682 5054 5533 5853 5944
1477 223689225 6 6 6 6 6 6 6 80 80 81 81 81 81 81 385 398 430 430 430 431 431 1817 1991 2278 2287 2287 2319 2319 7097 8701 10519 10802 10891 11101 11110 18825 33222 45315 48701 50270 51843 52177 18825 87093 172538 207805 225215 238415 242953
499 108880496 9 9 9 9 9 9 9 43 43 43 43 43 43 43 201 205 205 209 209 209 209 943 1024 1037 1068 1073 1080 1080 3757 4632 4899 5219 5313 5369 5379 9909 18005 21167 23593 24631 25124 25304 9909 47419 80981 101586 111703 116470 118573
5491 971040355 84 84 84 84 84 84 84 414 415 415 415 415 415 415 1894 1955 1955 1956 1964 1964 1964 8383 9187 9346 9439 9573 9610 9625 32480 40231 42909 44475 45692 46218 46422 86123 154782 186682 203609 214857 220391 222830 86123 409554 715718 877922 975874 1026554 1050480
9359 132560686 11 11 11 11 11 11 11 51 51 51 52 52 52 52 257 257 257 261 277 277 282 1110 1173 1182 1214 1322 1323 1341 4396 5229 5438 5699 6313 6383 6483 11594 19907 23170 25535 29016 29756 30417 11594 52902 88420 109744 131633 138560 143521
9917 9808456 1 1 1 1 1 1 1 3 3 3 3 3 3 3 12 12 20 20 20 20 20 47 47 92 109 109 110 110 189 217 393 459 473 498 498 469 828 1703 2015 2145 2326 2332 469 2121 6474 8644 9657 10639 10759
8359 3398177 3 3 3 3 3 3 3 9 9 9 9 9 9 9 19 19 19 19 19 19 19 43 44 44 44 44 44 44 152 175 175 175 175 175 175 431 709 755 791 798 798 804 431 1862 2793 3227 3532 3613 3654
2461 39652635 2 2 2 2 2 2 2 11 11 11 11 11 11 11 97 97 100 100 100 101 101 377 379 396 396 396 411 411 1385 1527 1709 1752 1805 1896 1898 3560 5659 7289 7952 8582 9074 9146 3560 14878 28127 34713 39453 42536 43343
8633 50422838 5 5 5 5 5 5 5 23 23 23 25 25 25 25 100 100 100 122 122 122 122 413 436 449 532 536 536 536 1501 1799 1969 2372 2435 2460 2480 4009 6978 8490 10726 11333 11564 11796 4009 18555 32319 45853 50714 52980 55032
5661 39962649 3 3 3 3 3 3 3 17 17 17 17 17 17 17 95 95 95 95 95 95 95 397 403 425 425 425 425 425 1500 1674 1869 1883 1921 1946 1960 3977 6389 8093 8542 8920 9170 9254 3977 17003 30966 36940 40437 42618 43439
139 34692449 11 11 11 11 11 11 11 37 37 37 37 37 37 37 102 102 102 102 102 102 102 381 382 382 387 389 389 389 1413 1574 1625 1687 1712 1712 1713 3650 5913 6750 7342 7655 7717 7760 3650 15629 26150 31802 35104 36233 37037
9519 4146748 1 1 1 1 1 1 1 2 2 2 2 2 2 2 5 5 5 5 5 5 5 23 23 30 35 35 35 35 107 113 157 193 193 193 193 256 382 641 846 862 874 876 256 985 2454 3739 4003 4205 4258
279 197999998 20 20 20 20 20 20 20 103 103 103 103 103 103 103 430 437 439 439 439 439 439 1873 1997 2049 2074 2090 2090 2101 6899 8103 8719 9210 9378 9432 9550 18428 31074 37424 42078 43830 44598 45500 18428 82138 143746 182045 199581 207930 214975
3657 7392153 2 2 2 2 2 2 2 5 5 5 5 5 5 5 21 21 21 21 21 21 21 80 80 80 80 80 80 81 338 362 379 384 385 385 402 921 1380 1647 1729 1741 1747 1871 921 3560 6130 7115 7428 7643 8348
2437 12389149 3 3 3 3 3 3 3 8 8 8 8 8 8 8 21 21 25 25 25 25 25 86 95 121 122 122 122 122 320 448 560 571 587 587 589 878 1908 2621 2784 2927 2941 2995 878 5008 9974 11891 12954 13368 13778
4849 4257363 2 2 2 2 2 2 2 8 8 8 8 8 8 8 19 19 19 19 19 19 19 51 51 51 51 51 51 51 174 202 206 206 211 212 212 476 803 877 903 941 958 963 476 2188 3438 3939 4287 4585 4634
2761 16082479 4 4 4 4 4 4 4 17 17 17 17 17 17 17 66 66 66 66 66 66 66 179 194 194 194 194 194 194 614 752 771 779 804 809 813 1561 2818 3166 3363 3560 3656 3674 1561 7682 12377 14888 16473 17378 17618
6603 998502775 66 66 66 66 66 66 66 414 417 418 418 418 418 418 1992 2078 2098 2099 2099 2099 2099 8659 9683 9999 10089 10148 10167 10178 33040 42390 46149 47555 48360 48813 48983 87676 163483 200250 216352 225031 229930 232164 87676 433406 769758 934357 1020901 1068251 1091805
1189 1230036 3 3 3 3 3 3 3 3 3 3 3 3 3 3 5 5 5 5 5 5 5 16 16 16 16 16 16 16 60 63 65 65 65 65 65 176 258 286 292 296 303 303 176 649 1116 1241 1324 1379 1381
5027 9877847 3 3 3 3 3 3 3 8 8 8 8 8 8 8 31 31 31 31 31 31 31 111 118 118 118 118 118 118 427 522 527 528 528 529 529 1150 1950 2218 2291 2325 2375 2382 1150 5058 8180 9563 10170 10594 10699
1703 2984137 2 2 2 2 2 2 2 5 5 5 5 5 5 5 12 12 12 12 12 12 12 41 41 41 41 41 41 41 123 144 153 153 153 153 153 305 556 631 653 668 674 688 305 1524 2495 2807 3059 3175 3280
5881 68602616 5 5 5 5 5 5 5 25 25 25 25 25 25 25 133 133 136 136 136 136 136 621 641 663 663 668 668 668 2423 2776 3015 3102 3187 3193 3194 6392 10826 13450 14535 15485 15743 15858 6392 28709 51776 62544 70473 73368 74788
543 138819560 17 17 17 17 17 17 17 44 44 44 44 44 44 44 203 219 229 233 234 234 234 962 1090 1158 1179 1213 1214 1216 3966 5140 5693 5965 6282 6297 6337 10491 20151 25512 28158 30304 30716 31189 10491 54019 99134 123880 140112 145515 149404
1519 8660619 2 2 2 2 2 2 2 4 4 4 4 4 4 4 14 14 14 14 14 14 14 89 91 97 97 97 97 97 331 382 428 428 431 431 431 868 1492 1841 1896 1960 1990 2000 868 4019 7086 8130 8901 9341 9422
2913 5187970 3 3 3 3 3 3 3 5 5 5 5 5 5 5 17 17 17 17 17 17 17 70 70 70 70 70 70 70 260 270 272 277 279 279 279 685 978 1104 1171 1211 1216 1250 685 2477 4003 4833 5301 5422 5661
8313 4586795 1 1 1 1 1 1 1 6 6 6 6 6 6 6 16 16 16 16 16 16 16 55 55 55 55 56 56 56 185 189 195 197 222 222 222 493 768 850 914 1030 1041 1045 493 2097 3407 4064 4844 4979 5047
7243 7871169 2 2 2 2 2 2 2 4 4 4 4 4 4 4 12 12 12 12 12 12 12 69 70 71 71 71 71 71 284 316 350 368 377 377 377 722 1153 1504 1696 1779 1805 1809 722 3162 5859 7448 8147 8436 8498
6733 41238894 6 6 6 6 6 6 6 18 18 18 18 18 18 18 68 68 68 68 68 68 68 309 331 336 341 341 352 357 1316 1607 1773 1832 1840 1891 1933 3401 6279 7815 8512 8820 9147 9429 3401 16311 29433 36159 39646 42049 44113
4587 1491189 2 2 2 2 2 2 2 4 4 4 4 4 4 4 8 8 8 8 8 8 8 17 17 17 17 17 17 17 55 69 71 71 71 71 71 124 270 343 357 377 380 380 124 715 1351 1557 1700 1750 1756
9649 28532322 2 2 2 2 2 2 2 13 13 13 13 13 13 13 58 58 58 58 58 58 58 256 263 268 269 269 269 270 1001 1115 1187 1256 1264 1264 1321 2616 4229 5066 5734 5910 5966 6357 2616 11126 19240 25053 27083 28169 30644
6439 8936361 2 2 2 2 2 2 2 6 6 6 6 6 6 6 18 18 18 18 18 18 18 89 89 89 90 92 92 92 325 356 374 386 407 409 409 861 1409 1693 1852 2018 2066 2072 861 3625 6512 8062 9370 9825 9924
3569 7031369 3 3 3 3 3 3 3 9 9 9 9 9 9 9 27 27 27 27 27 27 27 82 82 82 82 82 82 82 283 324 334 340 340 342 342 763 1259 1451 1555 1593 1618 1633 763 3380 5772 6748 7240 7411 7565
3171 90767025 5 5 5 5 5 5 5 45 45 45 45 45 45 45 175 183 183 185 185 185 185 730 819 835 871 874 874 878 2945 3752 4040 4361 4403 4413 4439 7860 14541 17570 19797 20411 20700 21016 7860 38338 67402 85416 92350 95865 98507
9447 1313648 1 1 1 1 1 1 1 3 3 3 3 3 3 3 7 7 7 7 7 7 7 19 19 19 19 19 19 19 73 77 77 82 82 82 82 162 216 219 245 257 258 263 162 563 852 1076 1235 1297 1375
4693 32532578 3 3 3 3 3 3 3 15 15 15 15 15 15 15 75 75 76 76 76 76 76 312 328 349 350 350 350 350 1217 1406 1536 1557 1566 1566 1566 3222 5544 6817 7281 7498 7540 7555 3222 14911 26443 31675 34261 35171 35620
8479 79853370 10 10 10 10 10 10 10 40 40 40 40 40 40 40 182 182 182 182 182 182 182 737 766 786 786 787 806 806 2798 3256 3475 3549 3617 3753 3757 7472 12519 15190 16455 17244 18111 18239 7472 33125 57875 70997 79062 85112 86678
4947 2342302 1 1 1 1 1 1 1 4 4 4 4 4 4 4 10 10 10 10 10 10 10 23 23 23 23 25 25 25 79 99 99 100 138 138 138 188 331 340 394 557 557 566 188 839 1203 1591 2416 2476 2535
1627 32219459 4 4 4 4 4 4 4 15 15 15 15 15 15 15 76 77 77 77 77 77 77 279 309 321 329 329 329 329 1039 1328 1502 1576 1581 1583 1584 2762 4989 6472 7160 7321 7400 7459 2762 13079 24880 30761 33094 34214 34958
8609 40756422 4 4 4 4 4 4 4 19 19 19 19 19 19 19 76 76 76 76 76 76 76 366 370 375 378 379 379 379 1489 1659 1739 1775 1884 1885 1892 4057 6566 7575 8109 8899 8971 9124 4057 17194 28990 35148 40764 42127 43524
2903 8136557 2 2 2 2 2 2 2 4 4 4 4 4 4 4 18 18 18 18 18 18 18 63 64 64 64 64 64 64 271 319 345 365 382 382 382 735 1248 1512 1670 1812 1839 1841 735 3399 6093 7366 8360 8638 8758
9437 6537961 1 1 1 1 1 1 1 4 4 4 4 4 4 4 14 14 14 14 14 14 14 59 60 62 62 62 62 62 233 270 287 291 294 297 297 587 1072 1286 1355 1402 1480 1494 587 2852 4916 5827 6372 6925 7132
557 4722356267 482 503 503 503 503 503 503 2140 2241 2247 2251 2252 2252 2252 9566 10183 10324 10409 10433 10439 10443 40578 45432 47183 48303 48701 48877 48965 153334 192916 211406 221940 226661 229094 230205 403607 737782 910520 1005623 1051313 1076693 1089067 403607 1952473 3494897 4343503 4774295 5008313 5130054
8629 19824307 5 5 5 5 5 5 5 11 11 11 11 11 11 11 43 43 43 43 43 43 43 164 168 170 171 171 171 171 695 830 891 934 934 938 939 1814 3120 3810 4282 4361 4436 4449 1814 8321 14717 18918 20303 21135 21469
1359 57935554 7 7 7 7 7 7 7 34 36 36 36 36 36 36 98 120 120 120 124 124 124 423 599 600 601 616 616 617 1630 2680 2804 2886 2962 2975 2983 4216 10317 11853 12864 13497 13741 13802 4216 27476 44971 54760 60164 62751 63596
1551 77353104 12 12 12 12 12 12 12 44 44 44 44 44 44 44 189 189 189 189 190 190 190 817 830 856 856 875 875 875 2974 3383 3661 3722 3865 3883 3891 7878 12853 15691 16685 17848 18112 18267 7878 33764 59820 71008 79758 82809 84632
9099 43480642 2 2 2 2 2 2 2 16 16 16 16 16 16 16 88 98 98 98 98 98 98 415 458 459 464 464 464 464 1563 1884 2005 2069 2118 2146 2151 4122 7065 8440 9030 9620 9924 9967 4122 18472 32125 38712 43461 46215 46864
2863 52286486 2 2 2 2 2 2 2 13 18 18 18 18 18 18 95 117 117 117 117 117 117 458 568 569 571 573 573 576 1727 2381 2488 2510 2546 2549 2575 4546 9297 10852 11417 11809 11916 12150 4546 24694 41825 49100 53215 54914 57025
5069 19761425 7 7 7 7 7 7 7 13 13 13 13 13 13 13 34 40 40 40 40 40 40 136 210 210 210 210 210 210 452 910 956 959 969 983 983 1165 3536 4131 4321 4497 4605 4626 1165 9177 15768 18668 20420 21374 21712
6869 76803796 10 10 10 10 10 10 10 35 35 35 35 35 35 35 151 155 156 157 157 157 157 710 790 827 839 839 851 851 2678 3307 3711 3840 3873 3956 3958 6912 12241 15624 17054 17546 18075 18175 6912 32447 59695 72942 78845 82958 84361
9401 78537470 10 10 10 10 10 10 10 43 43 43 43 43 43 43 159 159 161 161 161 161 161 747 784 801 802 806 806 806 2820 3357 3538 3582 3681 3710 3718 7532 13039 15326 16234 17155 17516 17824 7532 34838 59291 70226 77967 81891 84842
5451 3165566 1 1 1 1 1 1 1 5 5 5 5 5 5 5 10 10 10 10 10 10 10 34 41 41 42 42 42 42 94 134 141 148 156 156 156 250 540 642 692 747 748 749 250 1490 2607 3126 3525 3580 3619
7933 41408572 2 2 2 2 2 2 2 14 14 14 14 14 14 14 79 79 79 79 79 79 79 381 392 397 397 397 398 398 1569 1801 1952 1990 1998 2020 2027 4144 7023 8711 9227 9445 9584 9670 4144 18809 33897 40273 43375 44884 45720
1883 47482097 5 5 5 5 5 5 5 26 26 26 26 26 26 26 90 90 90 90 90 90 90 422 435 440 440 449 464 464 1646 1961 2051 2088 2155 2273 2294 4327 7403 8745 9416 9871 10703 10879 4327 19528 33201 40534 44502 49535 51100
9111 19025754 4 4 4 4 4 4 4 12 12 12 12 12 12 12 45 45 45 45 45 45 45 190 190 193 193 193 193 193 777 841 880 890 895 909 919 2027 3135 3670 3891 4036 4194 4324 2027 8276 14101 16748 18201 19609 20509
7853 146230197 10 10 10 10 10 10 10 56 56 56 56 56 56 56 314 314 321 321 321 321 321 1393 1415 1478 1489 1506 1507 1507 5532 6193 6814 7007 7171 7199 7211 14513 23583 29528 31954 33373 33827 34053 14513 62008 113358 138299 151333 156903 159839
4327 17405738 2 2 2 2 2 2 2 13 13 13 13 13 13 13 35 35 35 35 35 35 35 147 169 176 176 176 176 176 531 729 800 810 815 819 819 1383 2967 3569 3759 3838 3912 3915 1383 7815 13844 16416 17656 18460 18689
4311 61012735 1 1 1 1 1 1 1 15 15 15 15 15 15 15 118 119 123 123 123 123 123 552 583 650 659 659 659 659 2096 2474 2921 3015 3063 3102 3102 5381 9267 12147 13142 13694 14062 14121 5381 24413 46244 56306 61960 65042 66069
2207 7948460 3 3 3 3 3 3 3 15 15 15 15 15 15 15 39 39 39 39 39 39 39 121 121 121 121 121 121 121 346 367 396 398 403 408 408 904 1372 1630 1687 1757 1826 1837 904 3644 6235 7331 8029 8530 8676
1267 359187047 11 11 11 11 11 11 11 97 99 99 99 99 99 99 538 567 577 593 594 594 594 2756 3038 3253 3421 3472 3480 3480 11284 14022 15808 16997 17487 17665 17697 29922 53718 68346 77329 81718 83787 84355 29922 141834 261546 332448 368153 387004 394169
7531 6447452 2 2 2 2 2 2 2 9 9 9 9 9 9 9 21 21 21 21 21 21 21 56 56 56 56 56 56 56 225 242 259 259 265 267 267 614 965 1263 1274 1390 1429 1448 614 2513 4914 5521 6448 6857 7021
4811 7212245 2 2 2 2 2 2 2 7 7 7 7 7 7 7 16 16 16 16 16 16 16 45 49 50 50 50 51 51 150 211 238 242 243 275 276 394 892 1202 1273 1323 1553 1562 394 2480 4957 5777 6292 7643 7757
8149 13890552 3 3 3 3 3 3 3 8 8 8 8 8 8 8 25 25 25 25 25 25 25 135 150 152 152 152 152 152 554 696 724 727 732 732 733 1465 2613 3023 3157 3249 3270 3286 1465 6916 11461 13402 14621 15012 15268
4297 4319957 4 4 4 4 4 4 4 11 11 11 11 11 11 11 19 19 19 19 19 19 19 61 61 62 67 67 67 67 173 182 209 248 248 248 248 430 647 825 1003 1019 1023 1038 430 1736 3075 4200 4489 4599 4729
6009 13439102 2 2 2 2 2 2 2 10 10 10 10 10 10 10 42 42 42 42 42 42 42 142 144 144 144 145 145 145 525 610 650 660 682 684 684 1358 2323 2736 2935 3079 3113 3121 1358 6227 10648 12742 14043 14534 14720
1309 80767150 11 11 11 11 11 11 11 48 48 49 49 49 49 49 183 187 193 193 193 193 193 780 805 855 862 862 862 862 3051 3387 3781 3947 3971 3985 3988 7997 12688 16175 17818 18468 18742 18822 7997 32908 60517 75959 82971 86178 87546
4987 30313840 4 4 4 4 4 4 4 19 19 19 19 19 19 19 73 74 74 74 75 75 75 274 305 305 306 319 319 319 1049 1322 1372 1384 1461 1477 1477 2698 5087 5935 6321 6850 7030 7064 2698 13502 22787 27479 31502 32897 33261
2857 52887276 5 5 5 5 5 5 5 24 24 24 24 24 24 24 109 113 113 113 113 113 113 512 567 569 570 570 570 570 1976 2434 2530 2589 2609 2623 2626 5122 9322 10836 11586 11952 12196 12271 5122 24773 41767 50111 54624 57116 58090
5933 1048106108 77 77 77 79 79 79 79 469 473 479 492 492 492 493 2189 2226 2295 2364 2367 2372 2391 9409 9946 10400 10865 10931 10965 11075 35425 42269 46360 49613 50502 50914 51607 93693 161230 198742 223935 233060 238038 242798 93693 426568 763944 969732 1059596 1109691 1146363
4953 936756 2 2 2 2 2 2 2 7 7 7 7 7 7 7 11 11 11 11 11 11 11 23 23 23 23 23 23 23 59 71 71 71 71 71 71 145 229 236 255 260 262 265 145 571 812 932 989 1024 1041
2023 1105409391 103 103 103 103 103 103 103 448 468 476 476 476 476 476 2052 2215 2344 2352 2354 2354 2354 9055 10241 11249 11383 11464 11469 11477 35112 44142 51376 53212 54199 54427 54625 92895 168866 221970 241320 251474 255342 257874 92895 446722 850624 1038637 1136240 1182460 1208950
1091 35316300 4 4 4 4 4 4 4 17 17 17 17 17 17 17 62 62 65 65 65 65 65 286 295 333 334 334 334 334 1153 1325 1625 1672 1698 1706 1717 3056 5112 7168 7747 8056 8160 8240 3056 13491 27428 33320 36584 37853 38712
2841 24091062 4 4 4 4 4 4 4 15 15 15 15 15 15 15 51 51 51 51 51 51 51 200 201 208 212 213 213 213 811 891 973 1040 1070 1071 1073 2155 3372 4145 4806 5183 5255 5286 2155 9045 16178 21530 24583 25721 26073
7457 294279612 28 28 28 28 28 28 28 138 140 140 140 140 140 140 567 609 612 612 612 612 612 2417 2788 2910 2956 2961 2964 2977 9083 11912 13261 13825 13930 14047 14211 24018 45650 57356 63113 65035 66283 67487 24018 121196 220302 272916 295844 308631 317940
981 1734620 2 2 2 2 2 2 2 5 5 5 5 5 5 5 11 11 11 11 11 11 11 28 28 28 28 28 28 28 88 92 92 93 93 93 93 210 307 323 337 338 340 340 210 834 1340 1541 1636 1758 1766
2067 14147946 2 2 2 2 2 2 2 6 6 6 6 6 6 6 29 29 29 29 29 29 29 122 137 137 137 137 137 137 475 631 663 680 687 693 695 1269 2542 2915 3155 3243 3302 3337 1269 6772 11030 13521 14594 15145 15515
5541 17091431 4 4 4 4 4 4 4 12 12 12 12 12 12 12 42 42 42 42 42 42 42 162 174 174 174 174 174 174 644 824 849 852 868 874 874 1604 3167 3561 3699 3858 3935 3951 1604 8315 13550 15964 17584 18452 18686
7167 8985191 2 2 2 2 2 2 2 3 3 3 3 3 3 3 6 7 7 7 7 7 7 31 55 55 57 57 57 57 144 317 329 356 359 361 361 377 1331 1565 1771 1839 1897 1897 377 3586 6165 7986 8813 9320 9377
4537 361834192 28 28 28 28 28 28 28 157 157 157 157 157 157 157 739 743 743 743 749 749 749 3255 3404 3472 3513 3573 3582 3590 12480 14572 15611 16264 16880 17061 17199 32793 56043 67893 74737 79452 81505 82853 32793 149046 261711 324130 362677 380796 392001
1587 65386263 7 7 7 7 7 7 7 35 35 35 35 35 35 35 164 166 166 167 167 167 167 626 650 654 690 690 690 690 2501 2937 3065 3346 3376 3388 3409 6544 11024 12800 14727 15221 15447 15630 6544 28104 47893 62453 67911 70555 72042
3473 1558810 2 2 2 2 2 2 2 4 4 4 4 4 4 4 6 6 6 6 6 6 6 19 20 20 20 20 20 20 49 62 62 72 72 72 72 129 240 272 362 362 362 362 129 637 994 1590 1661 1684 1698
9253 31735626 4 4 4 4 4 4 4 20 20 20 20 20 20 20 74 74 74 76 76 76 76 278 292 301 313 317 317 317 997 1139 1261 1373 1445 1469 1470 2632 4306 5569 6374 6897 7139 7178 2632 11515 22020 28099 31891 33895 34485
8101 131138914 7 7 7 7 7 7 7 50 50 50 50 50 50 50 228 235 235 235 235 235 235 1100 1200 1224 1226 1235 1237 1241 4483 5511 5917 6071 6208 6247 6296 11976 21266 25837 27734 29157 29685 30153 11976 56131 98831 119493 132983 138837 142907
113 172537757 10 10 10 10 10 10 10 78 78 78 78 78 78 78 368 369 369 370 370 370 370 1581 1661 1701 1735 1746 1746 1751 6209 7333 7862 8256 8433 8463 8522 16400 28022 33567 37137 38993 39585 40096 16400 74207 127810 159459 176159 183027 187623
9653 6308011 1 1 1 1 1 1 1 5 5 5 5 5 5 5 17 17 17 19 19 19 19 78 81 81 88 88 88 88 272 307 311 346 346 346 346 699 1144 1302 1570 1575 1582 1585 699 2976 4878 6699 6989 7172 7231
759 5175258241 421 421 425 425 425 425 425 2229 2265 2298 2300 2309 2310 2310 10197 10660 10933 10991 11121 11151 11158 43332 47936 50313 51163 52174 52482 52598 166742 208462 230289 239862 248020 251022 252407 440398 798832 992947 1087907 1151838 1180038 1194173 440398 2114948 3813134 4700226 5232005 5492428 5627949
8623 73505430 6 6 6 6 6 6 6 29 29 29 29 29 29 29 160 160 165 166 166 166 166 698 707 778 789 789 791 791 2562 2836 3365 3504 3535 3578 3584 6673 10823 14644 16055 16596 16966 17054 6673 28769 56247 69790 75670 79210 80433
7103 14732006 2 2 2 2 2 2 2 11 11 11 11 11 11 11 34 34 34 34 34 34 34 157 160 160 160 160 160 160 591 664 680 703 707 707 707 1553 2569 2909 3145 3294 3317 3324 1553 6768 11200 13452 15028 15499 15676
8879 22208631 5 5 5 5 5 5 5 18 18 18 18 18 18 18 61 61 61 61 61 61 61 246 248 257 257 257 257 257 894 998 1098 1104 1123 1123 1124 2345 3808 4754 4985 5190 5237 5266 2345 9971 17760 20942 22958 23770 24284
7517 40823987 4 4 4 4 4 4 4 16 16 16 16 16 16 16 77 77 77 77 77 77 77 352 373 378 382 388 388 388 1436 1701 1832 1882 1950 1960 1960 3811 6570 7912 8537 9065 9228 9270 3811 17373 30667 37218 41623 43458 44464
5379 16361837 3 3 3 3 3 3 3 5 5 5 5 5 5 5 24 28 28 28 28 28 28 146 160 162 162 162 168 171 565 651 687 689 692 735 773 1536 2488 2929 3080 3212 3498 3723 1536 6573 11083 13091 14481 16208 17818
3059 48546136 12 12 12 12 12 12 12 28 28 28 28 28 28 28 106 106 106 106 106 106 106 470 482 482 487 490 493 493 1949 2222 2276 2354 2419 2459 2459 5238 8499 9627 10495 11096 11466 11514 5238 22987 37384 45574 50350 53108 53913
2257 144393655 17 17 17 17 17 17 17 87 87 87 87 87 87 87 363 369 370 370 370 370 370 1496 1583 1614 1638 1646 1663 1663 5467 6422 6828 7152 7266 7383 7404 14102 23800 28523 31617 32819 33790 34105 14102 62396 108255 134873 147062 154989 158203
5389 6775126 1 1 1 1 1 1 1 4 4 4 4 4 4 4 8 9 9 9 9 9 9 34 47 47 47 47 47 47 176 298 301 317 318 318 318 451 1132 1302 1514 1544 1557 1578 451 3019 4988 6638 7051 7325 7515
9849 2055052 2 2 2 2 2 2 2 5 5 5 5 5 5 5 10 10 10 10 10 10 10 25 25 26 26 26 26 26 85 94 115 115 115 115 115 236 361 496 509 511 511 511 236 915 1821 2114 2215 2244 2290
2497 99127014 14 14 14 14 14 14 14 57 57 57 57 57 57 57 231 232 232 232 232 233 233 951 990 1008 1010 1016 1035 1038 3815 4499 4811 4916 4956 5094 5121 9923 16892 20340 21867 22424 23270 23519 9923 44535 78219 94078 100894 107048 109216
7477 763801 1 1 1 1 1 1 1 3 3 3 3 3 3 3 7 7 7 7 7 7 7 15 15 15 15 15 15 15 36 38 38 38 42 42 42 101 146 154 158 177 180 180 101 393 556 625 768 832 843
437 305096434 25 25 25 25 25 25 25 133 133 133 133 133 133 133 669 680 685 685 685 685 685 2895 3107 3201 3228 3251 3252 3253 10890 13123 14300 14764 15002 15085 15105 28592 50329 61542 66831 69420 70577 70992 28592 133011 236727 289202 315645 328099 333830
1623 24748711 4 4 4 4 4 4 4 13 13 13 13 13 13 13 44 44 48 48 48 48 48 158 176 208 208 208 208 208 632 777 1066 1086 1092 1097 1097 1681 2984 4863 5277 5447 5520 5526 1681 7792 18598 23005 25127 26161 26402
2311 200128658 21 21 21 21 21 21 21 73 73 73 76 76 76 76 323 323 324 367 370 370 378 1532 1606 1667 1945 1980 1989 2041 5805 6838 7465 9073 9419 9507 9870 15415 26272 32266 41381 44033 44869 46859 15415 69199 122751 177482 198915 207445 219350
4877 5726668 1 1 1 1 1 1 1 3 3 3 3 3 3 3 16 16 16 16 16 16 16 87 87 89 89 89 89 89 299 308 349 357 357 357 357 772 1093 1362 1439 1464 1467 1469 772 2915 5107 5994 6414 6497 6563
2963 816869583 59 59 60 60 60 60 60 301 301 331 331 333 333 333 1399 1419 1613 1614 1649 1670 1670 6020 6439 7544 7623 7909 8078 8116 23559 28385 34879 35995 38049 39298 39658 62917 109753 151705 164561 178350 186725 189578 62917 290534 581084 707575 804562 864337 888464
8551 32250284 2 2 2 2 2 2 2 5 5 5 5 5 5 5 26 43 43 43 43 43 43 140 316 324 325 325 325 325 599 1545 1660 1676 1680 1681 1686 1593 5892 6992 7414 7541 7623 7660 1593 15655 26624 31609 33572 34751 35308
2691 149016695 9 9 10 10 10 10 10 40 40 57 57 57 57 57 187 187 299 299 305 305 305 910 931 1428 1428 1510 1511 1512 3538 4008 6456 6533 7094 7114 7160 9402 15425 28006 29690 33178 33653 34254 9402 40289 107352 127610 149904 156206 161316
1399 102207935 10 10 10 10 10 10 10 37 37 37 37 37 38 38 127 144 149 154 154 162 162 611 773 839 882 884 945 945 2339 3422 3974 4274 4327 4665 4673 6314 13575 17955 20316 20942 22858 23061 6314 35987 69385 88610 96367 108061 110537
6471 18050877 2 2 2 2 2 2 2 13 13 13 13 13 13 13 45 45 45 45 45 45 45 198 212 214 214 214 214 214 681 849 906 914 921 923 923 1755 3171 3819 4021 4120 4158 4181 1755 8372 14641 17230 18546 19121 19427
5537 6257428 1 1 1 1 1 1 1 4 4 4 4 4 4 4 10 10 12 12 12 12 12 44 46 64 64 64 64 64 198 232 314 316 316 317 317 527 883 1356 1413 1426 1447 1464 527 2282 4987 5871 6267 6498 6661
6427 210175264 14 14 14 14 14 14 14 135 135 135 135 135 135 135 546 562 562 562 562 562 562 2244 2393 2438 2450 2461 2461 2461 8204 9750 10307 10620 10830 10884 10891 21450 36912 43587 47093 48896 49696 50025 21450 97499 165318 200785 218452 227090 231128
2883 1314658 2 2 2 2 2 2 2 6 6 6 6 6 6 6 11 11 11 11 11 11 11 37 37 37 37 37 37 37 100 103 103 107 107 107 107 235 312 323 370 374 374 374 235 777 1116 1417 1510 1529 1548
6301 9832363 3 3 3 3 3 3 3 5 5 5 5 5 5 5 28 28 28 28 28 28 28 109 113 117 117 117 117 117 396 485 514 519 519 519 519 1012 1818 2249 2332 2374 2390 2400 1012 4763 8504 9887 10456 10759 10889
3091 51224296 6 6 6 6 6 6 6 31 31 31 31 31 31 31 117 117 117 117 117 117 117 507 522 524 542 542 543 543 1857 2116 2218 2379 2405 2421 2421 4835 8120 9654 10889 11320 11522 11576 4835 21701 37453 47368 51833 54126 54920
5303 17971909 2 2 2 2 2 2 2 5 5 5 5 5 5 5 34 34 34 34 34 34 34 186 186 188 188 188 188 188 724 812 843 859 866 866 866 1986 3240 3722 4009 4133 4161 4177 1986 8587 14492 17596 18887 19390 19735
6421 97681570 10 10 10 10 10 10 10 40 40 40 40 40 40 40 188 188 188 188 188 194 194 826 898 913 922 924 974 975 3203 4016 4301 4486 4556 4840 4854 8311 15197 18394 20364 21157 22663 22834 8311 40064 70469 88593 95824 104695 106639
3499 579386 2 2 2 2 2 2 2 3 3 3 3 3 3 3 3 3 3 3 3 3 3 6 6 6 6 6 6 6 21 23 23 23 23 23 23 64 122 137 138 138 138 143 64 338 503 558 567 582 618
5113 188120100 8 8 8 8 8 8 8 63 63 63 63 63 63 63 365 369 369 370 372 380 416 1605 1669 1687 1726 1735 1789 2028 6088 7019 7382 7759 7837 8116 9334 16187 26808 31923 35347 36453 38159 44181 16187 70604 122323 152176 164504 176715 206574
8413 1363316 1 1 1 1 1 1 1 5 5 5 5 5 5 5 12 12 12 12 12 12 12 28 28 28 28 28 28 28 106 108 108 108 108 108 108 261 344 366 371 371 372 372 261 904 1331 1465 1526 1569 1576
2917 113721932 20 20 20 20 20 20 20 65 65 65 65 65 65 65 248 265 265 265 265 265 265 1021 1188 1221 1224 1225 1226 1226 3744 4936 5304 5378 5424 5479 5502 10042 19112 22918 24414 25221 25989 26223 10042 50418 88212 105674 114750 121317 123811
3273 115460908 11 11 11 11 11 11 11 55 55 55 55 55 55 55 268 272 279 279 279 279 280 1107 1155 1204 1209 1222 1222 1244 4101 4921 5300 5427 5525 5584 5750 10660 18645 22669 24379 25374 25978 27091 10660 49456 86954 105009 114647 120019 127141
5621 35455200 3 3 3 3 3 3 3 11 11 11 11 11 11 11 45 45 49 49 50 50 50 230 245 290 296 318 318 318 939 1099 1447 1518 1655 1657 1660 2443 4177 6432 7121 7904 7991 8051 2443 10974 24759 30971 36069 37426 38235
5441 4804569 2 2 2 2 2 2 2 6 6 6 6 6 6 6 16 16 16 16 16 16 16 52 53 53 53 53 53 53 203 236 238 242 253 253 253 525 875 992 1075 1180 1187 1187 525 2286 3679 4556 5252 5390 5411
9407 17997632 3 3 3 3 3 3 3 9 9 9 9 9 9 9 32 32 32 32 32 32 32 156 173 175 176 176 176 176 657 780 845 895 898 898 899 1825 3051 3728 4148 4248 4313 4335 1825 8001 14131 17634 18930 19715 20063
7877 7691852 1 1 1 1 1 1 1 2 2 2 2 2 2 2 13 13 13 13 13 13 13 68 72 73 73 77 77 77 262 315 356 358 374 376 376 664 1236 1578 1631 1778 1844 1862 664 3225 5996 6928 7802 8252 8448
637 51581551 6 6 6 6 6 6 6 33 33 33 33 33 33 33 129 129 129 129 129 129 129 510 521 525 545 546 546 546 1887 2103 2194 2397 2428 2440 2449 4966 8098 9549 11224 11590 11833 11972 4966 21206 36488 48604 52917 55262 56694
1299 23554 2 2 2 2 2 2 2 3 3 3 3 3 3 3 4 4 4 4 4 4 4 5 5 5 5 5 5 5 6 6 6 6 6 6 6 9 13 13 13 13 13 13 9 22 28 28 31 31 31
2111 397598180 43 43 43 43 43 43 43 192 199 199 199 199 199 199 816 868 877 879 879 879 879 3525 3967 4119 4208 4228 4234 4235 13494 17103 18604 19467 19711 19822 19882 35510 65273 79707 87725 90808 92415 93418 35510 171254 301314 373123 406381 423984 433950
1731 14179201 2 2 2 2 2 2 2 6 6 6 6 6 6 6 20 20 20 20 20 20 20 109 112 114 119 119 119 119 485 590 620 673 674 676 701 1283 2237 2639 3071 3116 3145 3292 1283 5897 10097 13211 14014 14510 15496
2269 52230573 8 8 8 8 8 8 8 33 33 33 33 33 33 33 147 147 147 147 147 147 147 573 593 596 598 598 598 598 2216 2502 2628 2684 2694 2704 2710 5837 9518 11195 11830 12115 12310 12480 5837 25207 42637 50218 54081 56424 57659
9557 4392943 1 1 1 1 1 1 1 5 5 5 5 5 5 5 14 14 14 14 14 14 14 60 60 60 60 60 60 60 214 226 244 244 258 258 258 558 848 991 1019 1092 1103 1103 558 2243 3733 4235 4721 4935 4957
6577 4802099 3 3 3 3 3 3 3 8 8 8 8 8 8 8 22 22 22 22 22 22 22 67 67 67 67 67 67 67 216 229 245 245 245 245 245 587 864 1040 1088 1118 1121 1126 587 2293 4136 4813 5139 5245 5308
4033 5331205 1 1 1 1 1 1 1 4 4 4 4 4 4 4 15 15 15 15 15 15 15 39 54 54 54 54 54 54 156 239 254 259 259 259 259 407 854 1090 1203 1232 1235 1251 407 2256 4160 5193 5575 5704 5830
9829 13624599 1 1 1 1 1 1 1 4 4 4 4 4 4 4 22 22 22 22 22 22 22 108 130 130 130 130 130 130 430 619 642 668 682 684 684 1175 2396 2771 3036 3202 3253 3260 1175 6378 10358 12995 14540 14990 15200
3921 123538179 16 16 16 16 16 16 16 53 53 53 53 53 53 53 255 268 268 268 268 268 268 1206 1315 1343 1360 1371 1371 1385 4607 5556 5977 6114 6241 6292 6367 12240 21074 25390 26981 28095 28650 29118 12240 55942 97773 116233 126800 132145 135751
4183 166833 2 2 2 2 2 2 2 2 2 2 2 2 2 2 3 3 3 3 3 3 3 5 5 5 5 5 5 5 11 12 12 12 12 12 12 21 43 44 45 45 45 45 21 109 167 187 192 197 199
5009 501230762 57 57 57 57 57 57 57 226 227 229 229 229 229 229 1032 1071 1085 1090 1090 1092 1092 4525 4930 5092 5181 5195 5225 5229 17635 21486 23201 24192 24539 24866 24993 46948 81871 99207 108186 112563 115292 116875 46948 216272 379121 465186 508250 532430 547192
2469 99058118 7 7 7 7 7 7 7 30 30 30 30 30 30 30 175 175 175 175 177 177 177 912 931 935 938 968 968 968 3679 4240 4392 4517 4788 4834 4840 9688 16361 18983 20496 22456 22956 23070 9688 42913 72276 87489 101020 105693 107303
3247 37504253 5 5 5 5 5 5 5 24 24 24 24 24 24 24 81 98 98 98 98 98 98 348 426 434 435 435 435 435 1287 1778 1862 1885 1918 1918 1921 3362 7030 8128 8576 8997 9040 9118 3362 18561 30946 36451 40063 41068 42017
3049 21427872 3 3 3 3 3 3 3 10 10 10 10 10 10 10 45 45 45 45 45 45 45 196 201 204 204 207 207 207 780 902 967 982 1020 1028 1032 2096 3414 4226 4521 4801 4902 4966 2096 9132 16279 19548 21808 22709 23313
2807 354720288 39 39 39 39 39 39 39 157 157 157 157 157 157 157 678 688 691 700 700 706 706 3082 3285 3388 3494 3501 3559 3559 11813 14362 15492 16354 16593 16983 17042 31446 55294 66987 74428 77526 80505 81280 31446 145636 255513 320278 351259 374462 382870
5761 856425946 68 68 68 68 68 68 68 357 357 357 357 357 357 357 1766 1785 1796 1806 1809 1810 1810 7664 8084 8298 8540 8605 8628 8648 29744 35129 38014 40201 41168 41533 41775 78274 134183 163671 182690 191621 195895 198220 78274 352450 623279 785052 865825 906959 928898
2739 103684768 8 8 8 8 8 8 8 47 47 47 47 47 47 47 195 198 198 198 199 199 199 843 966 978 1000 1010 1010 1011 3393 4405 4725 4979 5084 5117 5128 8988 16522 19953 22284 23363 23796 24021 8988 43686 75280 95235 105120 110073 112407
6587 70667658 5 5 5 5 5 5 5 18 18 18 18 18 18 18 89 94 94 94 96 96 96 445 511 514 517 529 529 570 1879 2502 2643 2776 2966 2990 3256 4936 9519 11562 12771 14287 14615 15876 4936 25003 44522 55472 65715 69061 76269
5589 25906762 4 4 4 4 4 4 4 10 10 10 10 10 10 10 50 50 50 50 50 50 50 216 238 260 260 263 263 263 761 968 1130 1154 1195 1206 1208 2065 3770 5044 5381 5792 5947 6024 2065 10078 19223 22879 26222 27731 28510
6307 1929568 1 1 1 1 1 1 1 2 2 2 2 2 2 2 6 6 6 6 6 6 6 24 24 24 24 24 24 24 84 93 98 98 98 99 101 200 312 373 422 424 431 467 200 799 1375 1816 1898 1949 2163
1881 5556059 3 3 3 3 3 3 3 5 5 5 5 5 5 5 16 16 16 16 16 16 16 68 68 72 72 72 72 72 222 230 255 256 256 259 259 626 933 1173 1233 1248 1289 1295 626 2449 4419 5272 5585 5841 5943
9927 2751584 1 1 1 1 1 1 1 3 3 3 3 3 3 3 6 6 6 6 6 6 6 24 28 28 28 28 28 28 93 148 148 165 165 165 165 227 544 582 664 668 669 669 227 1448 2123 2756 2925 2986 3013
2209 115847804 19 19 19 19 19 19 19 68 68 68 68 68 68 68 250 250 255 255 255 255 255 994 1014 1135 1150 1153 1155 1155 3821 4354 5265 5455 5536 5551 5555 10073 16759 22785 24838 25729 26136 26274 10073 44178 87592 107489 117512 122564 124507
4153 28712006 2 2 2 2 2 2 2 3 3 3 3 3 4 4 13 13 13 14 14 38 38 110 123 126 136 136 252 252 472 612 687 746 750 1375 1376 1233 2411 3030 3527 3582 6591 6650 1233 6457 11771 15417 16198 31151 31741
1171 180372 2 2 2 2 2 2 2 3 3 3 3 3 3 3 5 5 5 5 5 5 5 8 8 8 8 8 8 8 17 17 17 17 17 17 17 39 45 49 49 49 49 49 39 95 146 154 161 174 174
4783 691567739 35 35 35 35 35 35 35 261 261 261 261 262 262 262 1356 1368 1381 1397 1431 1431 1431 5748 6069 6307 6468 6789 6794 6805 22294 26597 29321 30846 32937 33189 33374 59136 102513 128381 141751 155128 158036 160159 59136 271240 494108 614155 706025 736114 755724
873 209978821 16 16 16 16 16 16 16 87 87 87 87 89 89 89 417 423 423 426 434 434 434 1908 2077 2105 2165 2196 2204 2205 7310 8930 9492 10001 10280 10349 10370 19312 34068 40526 44863 47324 48153 48608 19312 89841 155128 193553 215440 224358 229195
1127 299640475 20 20 20 20 20 20 20 95 95 95 95 95 99 99 514 518 530 530 530 572 572 2273 2470 2620 2631 2639 2905 2907 9010 11102 12306 12631 12859 14294 14336 23840 42581 53418 57612 60341 67930 68476 23840 113561 206457 251313 277720 320337 326963
6201 59737635 11 11 11 11 11 11 11 38 38 38 38 38 39 39 139 139 143 144 144 149 149 510 552 578 591 593 613 613 1952 2432 2659 2765 2801 2952 2954 5201 9228 11466 12621 13198 14167 14240 5201 24082 43354 53798 59257 65034 66154
9243 9619172 2 2 2 2 2 2 2 8 8 8 8 8 8 8 27 30 30 30 30 30 30 95 108 108 109 109 109 109 410 495 508 525 530 530 530 1052 1804 2104 2260 2304 2327 2330 1052 4620 7773 9343 9982 10321 10475
9931 78501625 7 7 7 7 7 7 7 41 41 41 41 41 41 41 159 160 172 172 172 172 172 642 676 765 765 773 773 775 2474 2885 3524 3563 3699 3735 3765 6451 11246 15409 16298 17430 17799 18041 6451 29740 58714 70266 79581 83181 85318
4073 101291782 12 12 12 12 12 12 12 45 45 45 45 45 45 45 205 206 206 206 206 206 206 930 981 1006 1016 1022 1023 1023 3546 4259 4587 4726 4796 4832 4858 9430 16439 20064 21736 22518 23001 23295 9430 43727 77169 94052 102600 107372 110198
6303 343425678 16 18 18 18 18 18 18 131 137 137 137 137 137 137 691 716 723 729 729 729 729 3074 3315 3367 3436 3457 3461 3468 12122 14720 15520 16339 16599 16702 16797 32191 57387 67103 74596 77509 78803 80035 32191 152093 256703 321476 351060 364932 375508
7177 128867004 10 10 10 10 10 10 10 63 63 63 63 63 63 63 274 274 274 274 275 275 275 1181 1199 1237 1244 1254 1262 1262 4477 5231 5602 5742 5860 5928 5941 11915 20932 25137 26999 28212 29027 29263 11915 55530 96814 117284 128707 136001 139017
317 1951781026 214 214 214 214 214 214 214 889 890 890 890 890 890 890 4105 4168 4200 4214 4214 4216 4226 17784 18854 19424 19843 19927 20017 20096 68509 81655 88443 92765 94038 94976 95671 181342 312798 382010 421454 437261 447154 453140 181342 828663 1466751 1820550 1985245 2079471 2133452
5883 208195804 21 21 21 21 21 21 21 77 90 91 91 91 91 91 325 397 411 414 414 414 420 1467 1851 1963 2024 2028 2028 2067 5886 8179 9087 9609 9751 9848 10058 15604 31802 39647 44197 45977 47094 48400 15604 83890 151552 190092 207975 217938 226634
2369 269239261 38 38 38 38 38 38 38 154 154 155 155 155 155 155 596 599 615 615 615 615 615 2488 2624 2757 2769 2806 2816 2858 9249 10975 12223 12580 12987 13116 13385 24114 41598 51976 56127 59594 60976 62649 24114 109903 199475 242764 271326 284024 295198
4453 3193838 1 1 1 1 1 1 1 4 4 4 4 4 4 4 13 13 13 13 13 13 13 37 37 37 37 37 37 37 110 129 132 145 145 146 146 266 473 566 688 705 720 721 266 1266 2256 3129 3369 3496 3524
1039 120326329 15 15 15 15 15 15 15 57 57 57 57 57 57 57 254 257 257 257 257 257 257 1130 1198 1200 1208 1209 1209 1210 4586 5444 5603 5730 5799 5809 5822 12237 21223 24343 25957 27012 27396 27637 12237 55817 93312 112354 122921 127991 130790
8999 226758615 6 18 18 18 18 18 18 66 118 118 118 118 118 118 311 528 528 528 528 528 528 1323 2361 2418 2431 2433 2438 2441 4888 10087 10860 11106 11235 11289 11357 12904 38637 46631 49999 51663 52455 53173 12904 102000 178157 214454 232969 241940 248096
7619 5062854 1 1 1 1 1 1 1 3 3 3 3 3 3 3 16 16 16 16 16 16 16 40 40 40 40 40 40 40 164 184 202 202 211 211 212 420 691 924 977 1050 1050 1084 420 1833 3680 4318 4799 4889 5234
167 88448276 8 8 8 8 8 8 8 32 32 32 32 32 32 32 168 173 173 174 176 176 176 709 803 811 828 839 839 839 2830 3698 3882 4068 4186 4201 4222 7519 14255 16919 18811 19734 20006 20280 7519 37560 65218 81745 89958 93508 96061
4817 106935128 8 8 8 8 8 8 8 50 50 50 50 50 50 50 245 252 252 252 252 252 252 1076 1149 1154 1160 1160 1160 1163 4243 4991 5182 5324 5424 5442 5457 11214 18963 21831 23556 24493 24887 25147 11214 50124 83125 100888 110036 114529 117078
4233 3153941 1 1 1 1 1 1 1 2 2 2 2 2 2 2 3 3 3 3 3 3 3 19 21 21 22 22 22 22 68 96 109 127 131 131 131 168 408 557 657 690 695 700 168 1082 2074 2813 3056 3164 3229
311 2275621893 234 234 234 234 234 234 234 1044 1048 1049 1049 1049 1049 1049 4731 4810 4853 4870 4873 4896 4897 20802 22099 22855 23160 23235 23440 23503 80196 95715 103725 107713 109061 110808 111598 212962 368447 449558 490882 508360 522427 529287 212962 972806 1724939 2117776 2302049 2422160 2483106
121 16214002 4 4 4 4 4 4 4 11 11 11 11 11 11 11 36 36 36 38 38 38 38 151 156 156 174 174 174 174 572 700 717 805 815 817 818 1547 2682 3030 3539 3667 3715 3735 1547 7065 11685 15622 16923 17612 17820
8807 36389 2 2 2 2 2 2 2 2 2 2 2 2 2 2 3 3 3 3 3 3 3 4 4 4 4 4 4 4 9 9 9 9 9 9 9 14 18 18 18 18 18 18 14 37 47 52 52 53 53
#resid 0 0 0 0 0
