# q=5 mode=iidq roots=300 cp_lo=4 cp_hi=10 buf_lo=9 buf_hi=15 seed=2026
# root nvisited then n_cp*n_buf cumulative counts N(val<=cp[ci], pmax<=buf[bi]) row-major ci,bi
1077 725881947 129 129 129 129 129 129 129 520 520 523 523 523 523 523 2307 2322 2368 2374 2374 2374 2374 9467 9786 10198 10297 10330 10336 10340 34808 39849 43606 44722 45207 45359 45503 90926 149528 182451 194784 200188 202249 203664 90926 394234 687424 815162 871831 895758 908694
1699 172068996 27 27 27 27 27 27 27 125 131 131 131 131 131 131 484 518 528 528 528 528 528 2079 2333 2399 2404 2405 2410 2411 7770 9651 10269 10444 10480 10535 10574 20476 36917 43450 46156 46884 47566 47899 20476 98118 165019 195247 205902 212687 215764
303 56223016 14 14 14 14 14 14 14 49 49 49 49 49 49 49 233 233 233 233 233 233 233 841 862 886 888 888 888 888 2955 3293 3534 3605 3614 3623 3628 7745 11973 14250 15231 15515 15694 15772 7745 31334 53435 63539 67504 69473 70360
9511 4430457 7 7 7 7 7 7 7 14 14 14 14 14 14 14 34 34 34 34 34 34 34 81 81 82 82 82 82 82 271 291 335 339 339 339 342 693 970 1286 1342 1350 1350 1380 693 2470 4620 5353 5518 5580 5734
2921 110508324 15 15 15 15 15 15 15 77 77 77 79 79 79 79 327 332 333 350 350 350 350 1327 1421 1442 1528 1547 1547 1548 5111 6097 6409 6859 6979 6984 6993 13536 23333 26969 29815 30948 31105 31256 13536 61797 101810 124490 134461 137301 138817
9989 8087493 2 2 2 2 2 2 2 3 3 3 3 3 3 3 24 24 24 24 24 24 24 111 112 112 112 112 112 112 451 510 520 521 524 524 524 1210 1969 2198 2278 2303 2307 2309 1210 5299 8328 9697 10170 10275 10370
9469 225918 2 2 2 2 2 2 2 3 3 3 3 3 3 3 4 4 4 4 4 4 4 6 6 6 6 6 6 6 12 13 13 13 13 13 13 24 59 72 72 72 72 72 24 146 235 254 257 258 258
881 109179247 16 16 16 16 16 16 16 73 73 73 73 73 73 73 349 349 350 350 350 350 351 1439 1473 1523 1523 1532 1532 1571 5365 5910 6477 6575 6682 6690 6938 14120 22000 26698 28269 29284 29443 30872 14120 57846 100315 117950 127373 130016 137473
3817 16836238 2 2 2 2 2 2 2 5 5 5 5 5 5 5 22 22 22 29 29 29 29 129 129 129 190 190 190 190 620 692 722 1049 1049 1049 1050 1687 2658 3104 4724 4787 4812 4830 1687 7025 11922 19700 20749 21160 21418
6823 25216373 2 2 2 2 2 2 2 15 15 15 15 15 15 15 79 79 79 79 79 79 79 346 371 371 371 371 371 371 1296 1560 1588 1592 1598 1598 1598 3313 5882 6714 6897 7058 7102 7113 3313 15501 25429 28699 30865 31518 31826
5489 104360552 17 17 17 17 17 17 17 85 92 92 92 92 92 92 307 340 357 357 357 357 357 1249 1430 1495 1496 1497 1497 1506 4711 5977 6428 6503 6565 6571 6641 12540 22371 26424 27796 28526 28729 29196 12540 58660 99233 115502 123518 126433 129635
4229 21358417 5 5 5 5 5 5 5 15 15 15 15 15 15 15 63 63 63 69 69 69 69 263 265 265 301 304 304 304 1039 1165 1198 1353 1372 1372 1372 2756 4435 5053 5868 6089 6114 6122 2756 11891 18967 24402 26300 26779 26938
9383 16308712 2 2 2 2 2 2 2 11 11 11 11 11 11 11 50 50 50 50 50 50 50 194 194 194 197 199 199 199 859 903 928 995 1004 1004 1004 2305 3396 3917 4428 4529 4554 4556 2305 9040 14944 18804 19901 20295 20400
1931 13491422 5 5 5 5 5 5 5 11 11 11 11 11 11 11 39 40 47 47 47 47 47 128 151 178 178 178 178 178 466 663 777 785 785 786 786 1230 2666 3469 3666 3715 3755 3760 1230 7028 13111 15507 16326 16742 16840
4409 131652375 20 20 20 20 20 20 20 83 84 84 84 84 84 84 358 380 380 380 380 380 380 1532 1712 1728 1735 1739 1765 1765 5856 7482 7844 8032 8095 8253 8261 15557 28700 33143 35410 36211 37306 37467 15557 75338 124583 148144 157152 164707 166374
3647 3757021 2 2 2 2 2 2 2 4 4 4 4 4 4 4 14 14 14 14 14 14 14 64 64 64 64 64 64 64 215 232 237 239 248 248 248 536 815 926 966 1065 1065 1069 536 2099 3537 4080 4600 4655 4735
9637 267354451 16 16 16 23 23 23 23 76 77 77 154 154 154 154 332 350 351 806 806 807 807 1414 1617 1636 3769 3787 3806 3806 5273 6752 7180 16490 16724 16895 16903 13736 25101 29837 70957 73228 74721 75047 13736 66015 112364 296531 318848 331074 335025
9697 1333345 1 1 1 1 1 1 1 3 3 3 3 3 3 3 9 9 9 9 9 9 9 30 30 30 30 30 30 30 100 103 103 103 103 103 103 242 325 362 365 381 381 383 242 816 1262 1387 1569 1588 1614
8649 27040283 3 3 3 3 3 3 3 18 18 18 18 18 18 18 87 87 87 87 87 87 87 308 325 369 392 392 392 392 1106 1329 1571 1728 1740 1745 1748 2898 4934 6364 7375 7573 7622 7649 2898 13037 23758 30582 32709 33584 34055
2967 3265799 2 2 2 2 2 2 2 4 4 4 4 4 4 4 14 14 14 14 14 14 14 49 49 49 49 49 49 49 181 200 202 202 202 202 203 449 731 810 862 903 906 922 449 1916 2996 3537 3874 3968 4050
1657 14338123 3 3 3 3 3 3 3 17 17 17 17 17 17 17 52 52 52 52 52 52 52 166 180 180 180 180 180 180 647 832 850 864 869 871 871 1770 3309 3736 3959 4007 4070 4070 1770 8589 13898 16393 17301 17935 18014
4433 2041764 2 2 2 2 2 2 2 2 2 2 2 2 2 2 4 4 4 4 4 4 4 23 26 26 26 26 26 26 100 136 137 137 141 141 141 278 531 568 589 612 627 627 278 1365 2067 2309 2471 2599 2605
7777 6570737 2 2 2 2 2 2 2 6 6 6 6 6 6 6 35 35 35 35 35 35 35 124 124 124 124 124 124 124 443 464 481 481 481 481 481 1100 1554 1799 1869 1906 1917 1918 1100 4079 6908 7919 8316 8487 8524
943 60472309 10 10 10 10 10 10 10 42 42 42 42 42 42 42 192 198 198 198 198 198 198 789 832 841 841 841 841 841 3036 3595 3766 3793 3809 3816 3823 7908 13397 15597 16366 16672 16792 16944 7908 35180 59212 69061 72825 74588 76071
6521 219978241 41 41 41 41 41 41 41 169 169 169 169 169 169 169 724 730 744 747 747 747 747 3074 3202 3276 3302 3302 3302 3302 11372 12995 13926 14238 14292 14316 14330 29480 47775 56851 60570 61733 62216 62515 29480 124990 213395 251630 266541 272642 276073
2081 126139209 9 9 9 9 9 9 9 58 58 58 58 58 58 58 298 330 330 330 330 330 330 1448 1709 1747 1749 1750 1753 1753 5605 7247 7719 7849 7894 7917 7930 14811 27292 32417 34241 34959 35373 35537 14811 71626 121996 143191 152149 156664 158387
9753 47003536 1 1 1 1 1 1 1 21 21 21 21 21 21 21 123 123 123 123 123 123 123 559 584 598 612 612 632 632 2236 2559 2694 2799 2816 2913 2914 5888 9742 11319 12355 12587 13115 13155 5888 25766 42834 51997 54933 58289 58907
1069 92713027 12 12 12 12 12 12 12 44 44 44 44 44 44 44 250 251 251 251 253 253 253 1134 1178 1178 1187 1205 1205 1209 4462 5148 5355 5532 5656 5669 5714 11634 19316 22513 24211 25181 25432 25765 11634 50708 85101 102239 110663 113521 115913
653 155391500 20 20 20 20 20 20 20 109 109 109 109 109 109 109 517 524 524 525 525 525 525 2022 2117 2152 2166 2166 2177 2178 7406 8747 9240 9448 9509 9609 9628 19438 33373 39046 41518 42443 43204 43556 19438 87758 146706 173393 184717 191314 194302
1573 28968938 4 4 4 4 4 4 4 11 11 11 11 11 11 11 58 58 71 71 71 71 71 238 276 394 400 400 400 400 931 1212 1779 1852 1853 1856 1866 2519 4602 7592 8064 8201 8274 8356 2519 12009 28533 33478 35380 36236 36803
7977 16761745 5 5 5 5 5 5 5 17 17 17 17 17 17 17 56 61 61 61 61 61 61 190 222 222 222 222 222 222 715 958 1008 1020 1029 1031 1031 1954 3679 4299 4562 4618 4670 4671 1954 9798 16243 19208 20143 20766 20926
4823 2070374 2 2 2 2 2 2 2 3 3 3 3 3 3 3 10 10 10 10 10 10 10 27 28 28 28 28 28 28 107 129 132 132 132 132 132 293 510 560 577 579 580 587 293 1401 2096 2415 2501 2517 2589
2579 38850243 6 6 6 6 6 6 6 32 32 32 32 32 32 32 124 125 125 127 127 127 127 502 512 518 555 555 556 556 1873 2056 2156 2379 2402 2421 2421 4958 7878 9111 10342 10654 10809 10836 4958 20867 34380 43529 46786 48290 48740
9889 32879398 2 2 2 2 2 2 2 19 19 19 19 19 19 19 110 114 114 114 114 114 114 434 462 462 462 462 462 464 1637 1972 2041 2053 2061 2061 2067 4262 7331 8475 8866 9049 9128 9170 4262 19426 32074 37585 39958 40959 41455
8811 281622374 35 35 35 35 35 35 35 179 179 181 181 181 181 181 843 854 864 864 864 864 864 3622 3818 3927 3933 3937 3938 3947 13687 16022 17084 17366 17525 17580 17645 35999 60377 71811 75931 77886 78677 79260 35999 158881 270775 318257 339311 348343 353390
1491 219543452 27 27 27 27 27 27 27 132 140 141 141 141 141 141 543 648 659 659 659 659 659 2377 2956 3073 3086 3087 3108 3109 9077 12400 13454 13704 13767 13908 13922 23891 46927 56279 59575 60696 61667 61928 23891 124257 212176 248823 263433 272045 275499
1079 57731859 8 8 8 8 8 8 8 39 39 39 39 39 39 39 189 189 189 189 189 189 189 773 796 805 807 808 813 813 2861 3243 3415 3487 3520 3561 3561 7554 12292 14537 15481 15840 16169 16185 7554 32225 54809 65099 69041 71781 72206
3649 62280428 13 13 13 13 13 13 13 63 63 63 63 63 63 63 223 226 227 227 227 227 227 858 905 945 945 947 947 948 3060 3521 3840 3904 3913 3913 3924 7911 13086 15900 16878 17186 17209 17339 7911 34439 60335 71357 75659 76747 77815
7071 3627902 2 2 2 2 2 2 2 7 7 7 7 7 7 7 22 22 22 22 22 22 22 70 70 70 70 70 70 70 242 258 264 264 264 264 264 619 899 1016 1082 1097 1097 1097 619 2271 3633 4411 4580 4646 4671
3721 17511127 4 4 4 4 4 4 4 18 18 18 18 18 18 18 59 59 59 59 59 59 59 224 230 234 234 234 234 234 903 996 1066 1080 1087 1090 1090 2362 3708 4488 4680 4791 4849 4850 2362 9819 17122 19775 21019 21655 21768
4049 120574545 21 21 21 21 21 21 21 106 106 106 106 106 106 106 430 430 430 433 435 435 435 1703 1743 1765 1785 1803 1803 1804 6202 6948 7341 7562 7742 7747 7770 16321 25936 30224 32467 33823 34087 34380 16321 68040 113237 134629 145798 149277 151788
3927 128491368 6 13 13 13 13 13 13 16 73 73 74 74 74 74 80 367 368 376 376 376 376 352 1632 1662 1728 1738 1747 1747 1420 7126 7442 7814 7902 8060 8076 3788 27129 31240 33968 34865 35886 36090 3788 71569 117432 141572 150921 158174 160387
109 132599962 19 19 19 19 19 19 19 96 96 96 96 96 96 96 363 366 369 369 369 369 369 1639 1731 1776 1787 1787 1787 1787 6181 7372 7958 8099 8130 8148 8151 16321 28076 34045 35970 36557 36912 37002 16321 73864 128437 150831 159362 163536 165076
8309 9600175 2 2 2 2 2 2 2 11 11 11 11 11 11 11 35 35 35 35 35 35 35 172 174 174 178 178 178 178 571 608 624 655 655 658 658 1485 2166 2433 2682 2707 2736 2738 1485 5623 9084 11188 11636 11967 12057
8129 6632278 1 1 1 1 1 1 1 3 3 3 3 3 3 3 20 20 20 20 20 20 20 90 90 91 91 91 91 91 369 407 423 423 442 442 443 997 1512 1691 1739 1852 1865 1883 997 4022 6317 7278 8032 8229 8385
7069 11611861 3 3 3 3 3 3 3 8 8 8 8 8 8 8 31 31 31 31 31 31 31 155 159 159 159 159 159 159 630 688 702 715 722 722 722 1680 2571 2910 3088 3207 3224 3237 1680 6812 10875 12707 13976 14263 14444
1401 102911547 12 12 12 12 12 12 12 57 57 57 57 57 57 57 296 308 308 308 308 308 308 1242 1368 1384 1390 1390 1390 1390 4898 5970 6198 6345 6390 6407 6428 12858 22433 26063 27702 28368 28674 28845 12858 59778 99488 117275 124799 128250 129896
2793 80533051 11 11 11 11 11 11 11 44 44 44 44 44 44 44 260 260 260 260 260 260 260 1091 1107 1112 1115 1116 1118 1118 3961 4495 4689 4760 4803 4822 4827 10528 17186 20208 21341 21940 22221 22336 10528 45297 77394 90558 97013 99913 101238
9041 59393078 9 9 9 9 9 9 9 44 44 44 44 44 44 44 186 186 186 186 186 186 186 799 809 823 831 831 831 831 3039 3341 3595 3711 3726 3762 3762 8041 12865 15268 16394 16711 17019 17038 8041 34035 56976 68069 72191 74735 75244
377 361382048 35 36 36 36 36 36 36 219 223 224 224 224 224 224 1040 1065 1092 1092 1092 1092 1092 4575 4814 5038 5059 5062 5063 5064 17361 20140 22020 22445 22626 22720 22756 45897 76617 92146 97639 100240 101320 101753 45897 202038 346927 407857 436720 448224 453142
219 47576370 7 7 7 7 7 7 7 34 34 34 34 34 34 34 149 154 154 154 154 154 154 620 694 696 696 701 703 703 2314 2888 2965 2978 3018 3066 3066 6081 10800 12251 12662 13081 13417 13429 6081 28183 45053 51748 55897 58531 58957
6749 188508730 28 28 28 28 28 28 28 137 137 137 137 137 137 137 582 592 596 596 598 598 598 2401 2524 2570 2590 2622 2625 2625 9282 10827 11411 11638 11840 11913 11929 24629 41028 47857 50774 52205 52936 53222 24629 107787 180089 211519 225900 233272 236631
4341 15584270 2 2 2 2 2 2 2 13 13 13 13 13 13 13 43 43 43 43 43 43 43 181 181 201 201 201 201 201 732 784 946 961 967 967 967 1897 2824 3949 4193 4256 4272 4286 1897 7413 15202 17931 18763 19184 19472
5053 419528206 46 46 46 46 46 46 46 293 299 299 299 299 300 300 1302 1362 1363 1363 1364 1376 1376 5332 5789 5887 5905 5928 6009 6020 20062 24052 25400 25828 26090 26526 26587 52605 90305 106094 112210 114992 117803 118432 52605 238046 399624 469265 499472 520303 526845
4001 16636180 6 6 6 6 6 6 6 22 22 22 22 22 22 22 70 70 70 70 70 70 70 267 268 270 270 270 270 270 1034 1125 1178 1187 1194 1194 1194 2669 4041 4681 4873 4970 4987 4993 2669 10407 16987 19446 20589 21011 21137
8597 16733226 2 2 2 2 2 2 2 17 17 17 17 17 17 17 50 50 50 50 50 50 50 196 213 232 232 232 232 232 732 904 974 980 989 989 989 1956 3604 4255 4465 4575 4603 4609 1956 9671 16185 19111 20255 20718 20868
5583 18315720 2 2 2 2 2 2 2 7 7 7 7 7 7 7 47 48 48 48 48 48 48 246 264 264 265 269 269 269 887 1010 1042 1060 1120 1131 1132 2371 3841 4356 4607 4974 5050 5088 2371 10184 16581 19490 21919 22655 23080
9399 124690 1 1 1 1 1 1 1 2 2 2 2 2 2 2 4 4 4 4 4 4 4 6 6 6 6 6 6 6 9 9 9 9 9 9 9 16 33 33 33 33 33 33 16 84 122 125 132 133 134
9441 273383 1 1 1 1 1 1 1 3 3 3 3 3 3 3 5 5 5 5 5 5 5 11 11 11 11 11 11 11 22 22 24 24 24 24 24 50 60 69 70 70 70 70 50 134 267 305 316 317 322
357 2252994 3 3 3 3 3 3 3 7 7 7 7 7 7 7 18 18 18 18 18 18 18 40 45 45 45 45 45 45 111 147 150 150 150 150 150 291 478 554 583 585 585 585 291 1286 2104 2516 2625 2660 2691
3471 20098571 1 1 1 1 1 1 1 9 9 9 9 9 9 9 64 64 64 64 64 64 64 263 269 269 290 290 290 290 955 1090 1110 1229 1236 1238 1243 2549 4190 4611 5314 5428 5479 5522 2549 11141 17615 22734 24095 24893 25215
287 34875577 6 6 6 6 6 6 6 17 17 17 17 17 17 17 89 89 89 96 96 96 96 408 417 419 475 476 476 476 1644 1850 1892 2245 2255 2255 2257 4375 6994 7782 9620 9821 9880 9943 4375 18315 28982 39631 42234 43166 43833
1483 14364264 3 3 3 3 3 3 3 13 13 13 13 13 13 13 47 49 49 49 49 49 49 172 186 193 193 193 193 193 609 768 844 865 869 869 870 1599 2936 3493 3766 3836 3892 3932 1599 7706 13062 15744 16725 17342 17702
4203 21993609 2 2 2 2 2 2 2 11 11 11 11 11 11 11 66 66 66 66 66 66 66 274 277 279 280 280 280 280 1048 1187 1253 1278 1288 1290 1290 2879 4623 5499 5827 6030 6120 6134 2879 12162 20909 24512 26413 27277 27543
8199 24854072 3 3 3 3 3 3 3 19 19 19 19 19 19 19 89 89 89 89 89 89 89 341 348 354 354 354 354 354 1198 1439 1531 1543 1568 1568 1571 3146 5477 6440 6690 6948 6997 7055 3146 14418 24166 27714 30026 30804 31362
3017 45102366 6 6 6 6 6 6 6 35 35 35 35 35 35 35 122 122 122 132 132 132 132 436 449 468 602 603 603 603 1550 1779 1942 2683 2731 2737 2737 4135 6857 8347 12124 12558 12669 12688 4135 17991 30748 50904 54826 56106 56611
8673 393431 2 2 2 2 2 2 2 4 4 4 4 4 4 4 8 8 8 8 8 8 8 18 18 18 18 18 18 18 35 35 35 35 35 35 35 74 88 98 102 126 126 126 74 229 354 389 569 576 577
9217 3756412 1 1 1 1 1 1 1 6 6 6 6 6 6 6 21 21 21 21 21 21 21 65 67 67 67 67 67 67 196 225 227 227 227 227 227 516 854 928 965 979 999 1001 516 2285 3535 4251 4472 4643 4667
3799 150072695 28 28 28 28 28 28 28 121 121 121 121 121 121 121 480 484 484 484 484 484 484 1978 2069 2123 2137 2137 2139 2139 7359 8581 9221 9429 9453 9496 9502 19445 32315 38600 40963 41723 42234 42419 19445 84808 146004 171343 181006 186643 189004
481 47846823 15 15 15 15 15 15 15 29 29 29 29 29 29 29 139 139 139 139 139 139 139 644 650 682 690 690 690 690 2585 2785 3043 3138 3150 3151 3153 6876 10475 12670 13554 13809 13888 13937 6876 27316 47261 55761 59162 60357 61026
9669 322600358 36 36 36 36 36 36 36 178 178 178 178 178 178 178 877 891 906 906 907 918 918 3918 4105 4292 4307 4318 4394 4394 15185 17432 18887 19260 19446 19909 19932 40248 66019 79738 84651 86811 89788 90190 40248 174385 301758 355572 379212 398773 403790
8521 5021318 1 1 1 1 1 1 1 3 3 3 3 3 3 3 16 16 16 16 16 16 16 74 81 81 81 81 81 81 278 321 321 322 322 322 322 802 1289 1362 1437 1450 1453 1454 802 3341 4987 5787 6010 6129 6171
4429 2138617 2 2 2 2 2 2 2 4 4 4 4 4 4 4 14 14 14 14 14 14 14 46 46 46 46 46 46 46 151 169 171 171 171 171 171 359 600 674 701 704 706 707 359 1424 2297 2624 2714 2742 2761
679 18476852 5 5 5 5 5 5 5 13 13 13 13 13 13 13 53 53 53 53 53 53 53 248 249 255 256 256 256 256 883 963 1066 1085 1085 1089 1089 2242 3663 4709 4949 4980 5050 5103 2242 9934 18484 21291 22130 22871 23346
1043 69845234 18 18 18 18 18 18 18 57 57 57 57 57 57 57 178 180 205 205 205 205 205 709 763 907 912 920 920 920 2650 3181 3974 4109 4183 4193 4198 6875 11847 16812 18274 18937 19146 19199 6875 31375 63960 77469 83497 85875 86823
8687 19261804 7 7 7 7 7 7 7 14 14 14 14 14 14 14 73 73 73 73 73 73 73 269 279 280 280 282 282 282 1019 1144 1179 1185 1203 1203 1203 2596 4215 4837 5035 5180 5204 5213 2596 11218 18645 21537 23142 23648 23856
687 93159290 18 18 18 18 18 18 18 67 67 67 67 67 67 67 305 310 310 310 310 310 310 1259 1342 1346 1354 1354 1354 1354 4616 5535 5694 5806 5839 5858 5858 12057 20773 23683 25076 25565 25885 25986 12057 55294 89800 105628 111763 114859 116159
2021 90775547 16 16 16 16 16 16 16 59 59 59 59 59 59 59 262 262 262 262 263 263 263 1097 1138 1155 1160 1177 1177 1177 4326 4953 5249 5427 5548 5560 5560 11558 19094 22776 24572 25467 25699 25716 11558 50181 86045 103281 110734 113532 114262
8009 27616341 1 1 1 1 1 1 1 9 9 9 9 9 9 9 82 83 83 83 83 83 83 335 361 361 361 364 364 364 1376 1592 1663 1680 1695 1697 1697 3673 5916 6914 7271 7459 7511 7559 3673 15592 26041 30773 32897 33676 34087
5183 146654103 25 25 25 25 25 25 25 112 113 113 113 113 113 113 434 465 469 471 471 471 471 1685 1924 1970 1998 2016 2019 2021 6231 8032 8612 8983 9137 9182 9213 16146 29758 35493 38853 40168 40604 40897 16146 78492 133963 163290 176151 180900 183441
5891 258120 2 2 2 2 2 2 2 2 2 2 2 2 2 2 5 5 5 5 5 5 5 13 13 13 13 13 13 13 34 36 36 36 36 36 36 69 102 102 103 103 103 103 69 259 337 362 371 371 371
5823 9056427 3 3 3 3 3 3 3 8 8 8 8 8 8 8 31 31 31 31 31 31 31 153 155 157 157 157 157 157 507 540 569 569 569 569 569 1362 2011 2358 2447 2462 2470 2476 1362 5222 8877 10308 10837 11017 11139
2697 45597229 11 11 11 11 11 11 11 46 46 46 46 46 46 46 171 171 171 174 174 174 174 652 666 671 685 685 685 685 2325 2600 2698 2798 2826 2833 2835 6108 9727 11275 12140 12473 12633 12658 6108 25788 42799 51370 54923 56659 57087
7277 284261228 41 41 41 41 41 41 41 200 200 200 200 200 200 200 849 850 850 858 858 858 858 3659 3838 3881 3969 3987 3987 3987 13825 16181 16958 17704 17947 17965 17973 36315 60414 70390 76989 79504 80026 80272 36315 159235 265560 322604 346683 354277 357552
797 78519881 10 10 10 10 10 10 10 50 50 50 50 50 50 50 255 256 257 257 257 257 257 1063 1095 1118 1122 1122 1123 1123 3890 4468 4786 4865 4887 4913 4918 10350 16944 20278 21428 21822 22229 22310 10350 44385 76411 89166 94349 97677 98753
9661 3445079 3 3 3 3 3 3 3 10 10 10 10 10 10 10 23 23 23 23 23 23 23 56 56 56 56 56 56 56 199 209 209 209 210 210 212 529 814 901 926 945 951 990 529 2104 3335 3705 3952 4030 4271
7801 79337689 9 9 9 9 9 9 9 65 65 65 65 65 65 65 243 243 243 243 243 243 243 1046 1081 1088 1108 1108 1108 1108 3936 4535 4718 4954 4967 4988 4996 10274 17052 19602 21674 21969 22204 22290 10274 45185 73711 90956 95712 98229 99210
6517 59444381 5 5 5 5 5 5 5 29 29 29 29 29 29 29 151 151 151 151 151 151 151 766 790 802 809 809 809 809 3008 3387 3573 3694 3719 3726 3733 8024 12613 14839 16050 16456 16621 16728 8024 33304 55808 67209 71977 73789 74762
927 81772405 10 10 10 10 10 10 10 64 64 64 64 64 64 64 280 280 280 280 280 280 280 1096 1126 1134 1139 1139 1153 1153 4265 4750 4944 5113 5125 5232 5243 11405 17869 20628 22196 22560 23309 23399 11405 47126 77794 92675 97999 103072 104051
7951 747490 2 2 2 2 2 2 2 2 2 2 2 2 2 2 3 3 3 3 3 3 3 8 9 9 9 9 9 9 25 39 39 40 40 40 40 77 146 156 203 203 210 210 77 384 536 879 880 933 944
1763 360317169 43 44 44 44 44 44 44 205 218 218 227 227 227 227 983 1058 1063 1114 1114 1114 1114 4116 4608 4700 4972 4979 4983 5006 15237 19077 20386 21895 22051 22107 22303 40249 71962 85856 95931 98403 99318 100541 40249 189589 324575 403011 430220 441138 450170
2387 19515642 4 4 4 4 4 4 4 12 12 12 12 12 12 12 64 64 64 64 64 64 64 249 253 255 263 263 263 263 948 1069 1127 1204 1209 1215 1215 2382 4013 4739 5275 5364 5418 5427 2382 10799 18196 22622 23817 24420 24579
3353 2246199 2 2 2 2 2 2 2 3 3 3 3 3 3 3 6 6 6 6 6 6 6 36 36 36 36 36 36 36 142 145 154 158 158 158 158 363 532 633 677 690 690 696 363 1341 2237 2634 2799 2832 2871
4071 11381347 1 1 1 1 1 1 1 5 5 5 5 5 5 5 30 31 31 31 31 31 31 121 141 141 141 145 145 145 455 641 661 676 712 712 727 1192 2509 2859 3038 3189 3220 3293 1192 6614 10668 12676 13821 14097 14519
9161 5517620 1 1 1 1 1 1 1 6 6 6 6 6 6 6 21 21 21 21 21 21 21 85 85 85 85 85 85 85 265 298 300 308 308 308 308 731 1235 1344 1456 1484 1492 1492 731 3275 5121 6248 6689 6870 6880
2439 736037473 97 97 97 97 97 97 97 449 456 464 464 464 464 464 2096 2212 2271 2277 2284 2284 2284 8879 9730 10251 10372 10412 10430 10431 33071 40150 44191 45468 45994 46256 46318 86644 150667 184513 197535 203504 206076 207142 86644 395757 695174 825446 885245 911769 923087
1729 2438668 3 3 3 3 3 3 3 9 9 9 9 9 9 9 31 31 31 31 31 31 31 64 64 64 64 64 64 64 186 199 206 214 214 214 214 425 615 706 791 791 791 791 425 1515 2470 3074 3152 3174 3187
9419 19265161 3 3 3 3 3 3 3 16 16 16 16 16 16 16 61 61 61 61 61 61 61 269 269 269 272 272 272 273 991 1128 1166 1207 1212 1214 1229 2642 4286 4815 5167 5354 5400 5500 2642 11118 17740 21079 23034 23679 24300
6369 15783425 2 2 2 2 2 2 2 10 10 10 10 10 10 10 41 41 41 45 45 45 45 177 177 177 225 225 225 225 664 702 731 999 999 1000 1000 1793 2733 3057 4298 4352 4409 4422 1793 7261 11626 18132 19191 19751 19923
8627 26615940 5 5 5 5 5 5 5 21 21 21 21 21 21 21 77 77 77 77 77 77 77 349 360 370 381 381 381 381 1323 1501 1613 1722 1725 1736 1741 3374 5604 6537 7333 7485 7612 7642 3374 14537 24280 30226 32228 33361 33669
7001 1658630 2 2 2 2 2 2 2 3 3 3 3 3 3 3 6 6 6 6 6 6 6 15 15 20 20 20 20 20 52 56 111 111 111 111 111 122 173 438 446 463 470 472 122 425 1618 1795 1986 2035 2093
1819 12059215 3 3 3 3 3 3 3 15 15 15 15 15 15 15 69 69 69 69 69 69 69 202 210 210 210 211 211 211 651 743 765 779 798 809 811 1690 2704 3047 3239 3349 3433 3450 1690 7146 11614 13478 14465 15214 15392
7831 4120955 3 3 3 3 3 3 3 6 6 6 6 6 6 6 12 12 12 12 12 12 12 50 50 53 53 53 53 53 179 191 214 222 227 227 227 476 733 927 1049 1134 1142 1142 476 1974 3615 4442 5081 5179 5214
457 61102301 17 17 17 17 17 17 17 51 51 51 51 51 51 51 209 209 209 209 209 209 209 828 841 847 847 847 847 852 3022 3441 3579 3612 3632 3640 3664 8022 13562 15599 16358 16711 16835 17051 8022 35765 58829 68784 73183 75073 76686
8001 73830651 11 11 11 11 11 11 11 42 42 42 42 42 42 42 213 213 217 217 217 218 218 919 939 983 988 988 1004 1004 3517 4017 4384 4481 4541 4639 4643 9250 15332 18387 19743 20365 20920 21032 9250 40433 68775 82199 88121 92092 93297
8233 16997688 1 1 1 1 1 1 1 10 10 10 10 10 10 10 53 53 53 53 53 53 53 260 263 263 263 263 263 263 968 1062 1082 1098 1099 1100 1100 2622 3987 4517 4786 4870 4946 4971 2622 10450 16378 19580 20605 21394 21727
9781 157502327 16 16 16 16 16 16 16 106 106 107 107 107 107 107 459 462 469 469 469 469 469 1990 2094 2140 2155 2158 2158 2158 7589 8931 9447 9621 9719 9738 9740 20174 34433 40243 42467 43568 43882 44010 20174 90777 152421 178714 190679 195124 197096
5717 8918273 3 3 3 3 3 3 3 5 5 5 5 5 5 5 23 23 23 23 23 23 23 100 108 122 122 122 122 122 364 456 537 542 548 548 548 984 1693 2229 2349 2408 2424 2424 984 4521 8549 10010 10665 10908 10971
6743 35477217 6 6 6 6 6 6 6 26 26 26 26 26 26 26 122 122 124 124 124 124 124 508 523 541 541 542 542 542 1832 2087 2231 2244 2253 2253 2255 4677 7909 9325 9725 9934 10017 10075 4677 20755 34982 40484 43281 44274 44788
9087 28508568 3 3 3 3 3 3 3 24 24 24 24 24 24 24 92 92 92 92 92 92 92 402 412 419 419 419 419 425 1491 1693 1813 1827 1833 1835 1873 4001 6328 7528 7857 7980 8027 8261 4001 16621 28008 32335 33950 34723 36114
7451 47366179 7 7 7 7 7 7 7 30 30 30 30 30 30 30 169 174 174 174 174 174 174 661 701 702 717 717 717 717 2504 2871 2964 3049 3063 3071 3073 6672 10759 12366 13073 13381 13497 13541 6672 28530 46551 54119 57764 59129 59788
8377 1519367 2 2 2 2 2 2 2 4 4 4 4 4 4 4 7 7 7 7 7 7 7 16 23 23 23 23 23 23 51 98 98 98 98 98 98 125 382 432 447 453 459 459 125 1004 1602 1788 1907 1983 2012
8013 23890424 1 1 1 1 1 1 1 14 14 14 14 14 14 14 72 72 72 72 72 72 72 331 351 352 353 353 353 353 1241 1499 1550 1570 1577 1577 1582 3201 5534 6330 6649 6776 6825 6874 3201 14411 23188 27183 28753 29438 29926
819 3357993 6 6 6 6 6 6 6 13 13 13 13 13 13 13 26 26 26 26 26 26 26 75 76 76 76 76 76 76 233 256 256 256 256 256 256 571 935 992 1022 1027 1027 1027 571 2404 3606 4076 4266 4319 4343
8003 4633847 2 2 2 2 2 2 2 4 4 4 4 4 4 4 20 20 20 20 20 20 20 83 83 83 83 83 83 83 286 310 313 313 313 314 314 762 1193 1301 1341 1344 1389 1392 762 3111 4770 5293 5468 5803 5848
389 23414782 6 6 6 6 6 6 6 22 22 22 22 22 22 22 96 96 96 96 96 96 96 371 372 379 380 380 380 380 1230 1378 1441 1484 1498 1498 1498 3254 5214 5992 6413 6618 6663 6690 3254 13628 22085 26264 28398 29015 29464
6349 21946219 3 3 3 3 3 3 3 14 14 14 14 14 14 14 68 68 68 68 68 68 68 291 297 297 297 297 302 302 1173 1335 1355 1360 1378 1399 1400 3090 5093 5693 5920 6056 6180 6212 3090 13588 21457 24845 26349 27272 27565
5997 16942163 1 1 1 1 1 1 1 9 9 9 9 9 9 9 39 39 39 39 39 39 39 225 225 226 226 231 233 233 886 978 1058 1064 1095 1112 1112 2356 3772 4507 4658 4813 4960 4981 2356 9812 16750 18968 20195 21373 21562
6319 107803829 17 17 17 17 17 17 17 75 75 75 75 75 75 75 378 378 378 378 378 378 378 1585 1608 1631 1640 1641 1641 1641 5919 6510 6873 7030 7070 7090 7096 15642 24341 28342 30106 30725 31063 31171 15642 63642 105126 123292 130898 134619 135935
1271 9935769 5 5 5 5 5 5 5 9 9 9 9 9 9 9 26 26 26 26 26 26 26 133 136 136 136 136 136 136 485 573 611 615 622 622 622 1296 2142 2553 2661 2747 2764 2764 1296 5659 9507 10906 11805 12076 12185
3167 76877637 16 16 16 16 16 16 16 60 60 60 60 60 60 60 199 206 208 208 208 208 208 911 994 1012 1014 1018 1018 1018 3415 4298 4616 4718 4782 4785 4797 8938 16401 19651 20801 21453 21545 21653 8938 43143 74010 87626 93786 95558 96696
7499 2149626 1 1 1 1 1 1 1 2 2 2 2 2 2 2 13 13 13 13 13 13 13 42 42 42 42 42 42 42 159 162 165 166 166 166 166 416 551 630 657 675 675 680 416 1428 2241 2570 2703 2738 2779
7903 892983 1 1 1 1 1 1 1 2 2 2 2 2 2 2 5 5 5 5 5 5 5 10 10 10 10 10 10 10 38 38 40 40 40 40 40 121 152 221 232 234 234 234 121 415 908 1063 1102 1117 1131
5409 64439108 9 9 9 9 9 9 9 41 41 41 41 41 41 41 194 194 194 194 194 194 194 850 881 890 925 925 925 925 3164 3616 3733 4022 4041 4042 4048 8348 13448 15280 17269 17589 17729 17827 8348 35253 57450 72701 76934 79223 80386
2277 11424283 2 2 2 2 2 2 2 8 8 8 8 8 8 8 33 33 33 33 33 33 33 165 165 170 170 170 170 170 567 640 686 689 694 694 694 1489 2408 2882 3011 3112 3117 3124 1489 6209 10711 12608 13633 13833 13950
7401 4476754 2 2 2 2 2 2 2 4 4 4 4 4 4 4 5 6 6 6 6 6 6 39 49 49 50 50 50 50 126 207 226 236 236 236 236 340 874 1088 1164 1176 1190 1190 340 2277 4073 4831 5148 5311 5346
6027 17088018 3 3 3 3 3 3 3 8 8 8 8 8 8 8 47 47 47 47 47 47 47 210 216 217 217 217 217 217 901 1001 1027 1031 1042 1044 1046 2354 3866 4272 4493 4700 4725 4784 2354 10102 15842 18647 20252 20725 21194
4911 16260740 4 4 4 4 4 4 4 14 14 14 14 14 14 14 58 62 62 62 62 62 62 207 218 220 220 220 220 220 841 966 1018 1025 1032 1040 1040 2199 3651 4255 4421 4535 4625 4636 2199 9538 15974 18224 19444 20208 20367
2403 12012407 2 2 2 2 2 2 2 6 6 6 6 6 6 6 26 26 26 26 26 26 26 136 137 137 137 137 137 137 636 709 720 725 726 727 727 1693 2720 3062 3148 3179 3216 3261 1693 7264 11820 13439 14113 14570 14911
7963 56619021 3 3 3 3 3 3 3 35 35 35 35 35 35 35 190 198 203 205 205 205 205 694 771 815 863 864 873 873 2395 2938 3232 3510 3537 3620 3623 6304 11050 13382 15121 15450 16027 16081 6304 29263 50018 62881 66787 70561 71384
4191 33009745 6 6 6 6 6 6 6 22 22 22 22 22 22 22 100 100 100 100 100 100 100 413 423 436 439 441 441 441 1596 1803 1941 1987 2035 2035 2038 4081 6653 7975 8490 8999 9054 9098 4081 17812 30576 36205 39826 40673 41152
5087 23658215 3 3 3 3 3 3 3 27 27 27 27 27 27 27 104 104 104 104 104 104 104 379 379 379 385 385 385 386 1346 1406 1447 1498 1498 1498 1513 3618 5106 5778 6338 6429 6472 6588 3618 13370 21543 26555 28271 28905 29587
1477 3884220 3 3 3 3 3 3 3 6 6 6 6 6 6 6 17 17 17 17 17 17 17 54 62 62 62 62 62 62 170 231 235 248 248 248 248 446 850 992 1092 1109 1114 1114 446 2209 3718 4574 4849 4914 4931
499 25417930 5 5 5 5 5 5 5 13 13 13 13 13 13 13 87 87 87 87 87 87 87 362 378 378 385 385 385 385 1361 1601 1678 1745 1746 1747 1747 3445 5802 6735 7342 7447 7511 7527 3445 15070 24977 29910 31401 32190 32455
5491 37901524 5 5 5 5 5 5 5 23 25 25 25 25 25 25 77 101 101 101 101 101 101 334 491 491 492 492 492 492 1377 2306 2370 2424 2437 2439 2439 3671 8615 9791 10429 10669 10721 10744 3671 22604 36779 43782 46466 47461 47907
9359 2745923 2 2 2 2 2 2 2 6 6 6 6 6 6 6 23 23 23 23 23 23 23 60 60 60 60 60 60 60 187 214 221 221 221 223 223 477 719 798 807 812 826 826 477 1922 2895 3188 3372 3502 3514
9917 2445196 1 1 1 1 1 1 1 5 5 5 5 5 5 5 10 10 10 10 10 10 10 46 47 47 47 47 47 47 141 164 164 164 164 164 164 332 606 671 682 682 684 691 332 1604 2468 2800 2919 2955 3050
8359 503132208 83 83 83 83 83 83 83 349 349 349 349 349 349 349 1515 1523 1536 1539 1541 1541 1541 6300 6557 6717 6839 6870 6874 6887 24063 27634 29562 30796 31064 31130 31279 63077 103774 123435 134272 137760 139052 140204 63077 274202 468075 565153 603429 619352 629033
2461 7695805 2 2 2 2 2 2 2 5 5 5 5 5 5 5 20 20 20 20 20 20 20 118 121 123 123 123 123 123 446 484 519 521 521 521 521 1164 1767 2139 2213 2231 2240 2240 1164 4623 7962 9105 9547 9689 9750
8633 14459660 1 1 1 1 1 1 1 7 7 7 7 7 7 7 47 47 47 47 47 47 47 207 209 214 215 215 215 215 795 905 939 953 958 960 960 2043 3297 3787 3991 4047 4119 4120 2043 8673 14199 16645 17523 18102 18223
5661 12993954 2 2 2 2 2 2 2 11 11 11 11 11 11 11 37 37 37 37 37 37 37 148 161 161 161 161 161 161 552 721 738 743 744 744 748 1434 2874 3264 3380 3445 3462 3515 1434 7595 12418 14393 15399 15639 16057
139 236980310 47 47 47 47 47 47 47 183 183 183 183 183 183 183 755 766 774 774 774 774 774 3027 3218 3301 3323 3327 3328 3329 11272 13330 14274 14637 14750 14795 14808 29920 50756 60192 64477 66100 66817 67032 29920 133346 226361 270074 287571 295498 298299
9519 790016 1 1 1 1 1 1 1 2 2 2 2 2 2 2 4 4 4 4 4 4 4 10 10 10 10 10 10 10 44 45 45 45 45 45 45 124 179 201 202 205 208 208 124 500 774 838 907 940 944
279 279103394 54 54 54 54 54 54 54 203 203 203 203 203 203 203 834 841 844 847 847 847 847 3554 3752 3797 3841 3850 3857 3857 13771 16155 16948 17496 17656 17731 17742 36414 61088 71140 76341 78220 78997 79327 36414 161210 268493 319780 339790 348586 352378
3657 3020856 2 2 2 2 2 2 2 3 3 3 3 3 3 3 10 10 10 10 10 10 10 25 29 29 37 37 37 37 96 136 140 175 180 181 182 255 507 582 757 804 821 833 255 1311 2147 3123 3463 3667 3733
2437 21385295 2 2 2 2 2 2 2 10 10 10 10 10 10 10 45 45 45 45 45 45 45 238 262 264 264 265 265 265 950 1223 1273 1287 1315 1316 1316 2480 4694 5504 5768 5988 6016 6029 2480 12489 20963 24357 26399 26970 27140
4849 43918661 6 6 6 6 6 6 6 20 20 20 20 20 20 20 118 118 118 119 119 119 119 569 579 580 595 595 595 595 2308 2598 2705 2846 2870 2887 2888 6125 9585 10972 12063 12389 12535 12546 6125 25008 40939 50136 53725 55183 55472
2761 27355864 4 4 4 4 4 4 4 27 27 27 27 27 27 27 89 89 89 89 89 89 89 384 385 390 390 390 390 390 1470 1584 1637 1650 1654 1655 1655 3936 6198 7100 7382 7550 7629 7633 3936 16401 26640 30710 32762 33694 33936
6603 10968336 3 3 3 3 3 3 3 9 9 9 9 9 9 9 40 40 40 40 40 40 40 126 144 144 144 145 145 145 464 596 655 664 676 679 679 1225 2271 2830 3035 3151 3190 3193 1225 5900 10634 12517 13596 14017 14081
1189 2684990 3 3 3 3 3 3 3 6 6 6 6 6 6 6 12 12 12 12 12 12 12 31 37 37 39 39 39 39 97 141 146 167 167 167 167 244 505 556 720 722 722 722 244 1333 2157 3116 3276 3342 3375
5027 13908472 4 4 4 4 4 4 4 9 9 9 9 9 9 9 55 55 55 55 55 55 55 234 236 236 236 236 236 236 837 926 935 955 955 955 957 2116 3312 3637 3866 3915 3927 3959 2116 8631 13650 16103 16964 17255 17587
1703 40861882 5 5 5 5 5 5 5 27 27 27 27 27 27 27 110 112 113 113 113 113 113 429 470 486 500 502 504 504 1501 1961 2208 2393 2445 2460 2460 3879 7333 9312 10653 11066 11257 11281 3879 19495 35598 45281 49242 51048 51502
5881 673610643 87 87 87 87 87 87 87 449 449 449 449 449 449 449 2054 2073 2086 2104 2104 2104 2104 8716 9140 9285 9403 9428 9456 9461 33112 38322 40515 41574 41911 42192 42261 87761 144667 169876 181518 185967 188543 189575 87761 380357 637640 756544 806960 831618 842215
543 28207315 9 9 9 9 9 9 9 28 28 28 28 28 28 28 128 128 128 128 128 128 128 464 467 473 473 473 474 474 1644 1772 1891 1914 1930 1944 1944 4212 6357 7482 7888 8050 8141 8178 4212 16374 27797 32552 34458 35272 35738
1519 18666433 2 2 2 2 2 2 2 6 6 6 6 6 6 6 39 45 45 45 45 45 45 192 270 270 270 270 270 270 653 1073 1100 1120 1121 1121 1123 1729 4146 4654 4950 5039 5073 5084 1729 10899 17809 21248 22662 23147 23329
2913 13303581 5 5 5 5 5 5 5 17 17 17 17 17 17 17 52 52 52 52 52 52 52 164 170 175 175 175 175 175 556 691 778 809 811 811 811 1448 2539 3244 3521 3572 3592 3599 1448 6782 12556 15162 15969 16388 16477
8313 1236761 1 1 1 1 1 1 1 3 3 3 3 3 3 3 7 7 7 7 7 7 7 21 21 21 21 21 21 21 62 65 65 67 67 67 67 165 252 287 304 325 325 329 165 688 1082 1255 1446 1451 1520
7243 5630814 2 2 2 2 2 2 2 5 5 5 5 5 5 5 15 21 21 21 21 21 21 51 77 77 77 77 77 77 205 346 354 357 357 357 357 574 1421 1564 1622 1634 1646 1646 574 3844 5997 6784 7049 7193 7222
6733 17682712 3 3 3 3 3 3 3 12 12 12 12 12 12 12 60 64 64 64 64 64 64 249 284 284 284 284 284 284 794 1008 1053 1072 1073 1087 1106 2079 3783 4417 4660 4693 4862 4951 2079 10185 16853 19662 20544 21787 22294
4587 3537041 2 2 2 2 2 2 2 4 4 4 4 4 4 4 11 11 11 11 11 11 11 24 29 29 29 29 29 29 79 166 168 168 168 173 173 192 712 867 884 897 938 942 192 1879 3434 3800 4026 4260 4309
9649 5794075 2 2 2 2 2 2 2 6 6 6 6 6 6 6 22 22 22 22 22 22 22 76 79 85 85 85 85 85 284 326 356 358 359 359 360 755 1220 1443 1528 1542 1561 1584 755 3276 5445 6378 6636 6944 7117
6439 2031595 2 2 2 2 2 2 2 3 3 3 3 3 3 3 7 7 7 7 7 7 7 40 40 40 40 40 40 40 145 151 151 151 151 151 151 361 538 578 589 591 593 593 361 1473 2271 2508 2587 2624 2640
3569 285269690 39 39 39 39 39 39 39 189 191 191 191 191 191 191 812 866 879 879 879 879 879 3398 3800 3922 3939 3945 3946 3950 12917 16035 17212 17527 17687 17772 17801 34377 61066 72943 77278 79309 80163 80489 34377 161501 275049 323763 345697 355190 359276
3171 22414772 3 3 3 3 3 3 3 12 12 12 12 12 12 12 49 49 49 49 49 49 51 269 271 271 276 276 276 295 1106 1223 1242 1266 1268 1275 1383 2968 4702 5340 5626 5700 5795 6281 2968 12299 19937 23185 24542 25330 27772
9447 11594638 1 1 1 1 1 1 1 7 7 7 7 7 7 7 52 52 52 52 52 52 52 188 195 200 200 200 200 200 628 701 730 732 733 734 738 1689 2649 3008 3205 3247 3262 3299 1689 6913 11162 13453 14082 14382 14625
4693 4747867 2 2 2 2 2 2 2 4 4 4 4 4 4 4 12 12 12 12 12 12 12 62 62 62 62 62 62 62 242 263 268 278 278 278 278 638 1074 1248 1320 1325 1333 1335 638 2883 4835 5679 5839 6013 6059
8479 258750991 26 26 26 26 26 26 26 164 165 165 165 165 165 165 762 778 778 779 782 782 782 3195 3383 3428 3490 3514 3530 3534 12310 14373 15233 15765 15986 16205 16246 32739 54172 63936 68566 70619 72261 72689 32739 143347 240806 286463 307373 320028 324163
4947 13632496 2 2 2 2 2 2 2 11 11 11 11 11 11 11 52 52 52 52 52 52 52 183 187 201 203 203 203 203 685 737 882 895 896 896 896 1871 2762 3541 3717 3764 3775 3780 1871 7336 13292 15483 16281 16569 16716
1627 74109384 13 13 13 13 13 13 13 64 64 64 64 64 64 64 284 284 284 284 284 284 284 1033 1054 1080 1082 1093 1093 1093 3636 4232 4541 4596 4673 4678 4688 9378 15540 18963 19944 20583 20691 20799 9378 40937 71867 84137 90193 91943 93106
8609 106490647 10 10 10 10 10 10 10 61 61 61 61 61 61 61 354 358 358 358 358 358 358 1482 1565 1604 1606 1607 1607 1608 5483 6418 6808 6911 6935 6947 6959 14293 23741 27834 29360 29963 30201 30363 14293 62673 103972 121028 128705 131747 133500
2903 14961128 2 2 2 2 2 2 2 8 8 9 9 9 9 9 33 33 42 42 42 42 42 151 155 195 195 195 195 195 549 669 864 873 874 876 890 1440 2526 3729 3942 3980 4006 4105 1440 6756 14322 16861 17681 18094 18803
9437 2574512 1 1 1 1 1 1 1 3 3 3 3 3 3 3 10 10 10 10 10 10 10 33 33 33 33 33 33 33 112 135 150 150 150 150 150 273 567 687 701 714 723 723 273 1524 2645 2913 3109 3211 3220
557 21318767 9 9 9 9 9 9 9 28 28 28 28 28 28 28 79 84 84 84 84 84 84 260 307 312 313 313 326 326 877 1181 1250 1286 1293 1356 1356 2274 4391 5131 5507 5625 5960 5964 2274 11537 19432 23008 24459 26390 26531
8629 51052884 7 7 7 7 7 7 7 31 31 31 31 31 31 31 146 146 149 149 149 149 149 662 695 719 724 724 724 724 2439 2885 3108 3179 3222 3222 3226 6407 11094 13101 14078 14425 14475 14570 6407 29184 48741 58637 62270 63545 64498
1359 8832912 4 4 4 4 4 4 4 17 17 17 17 17 17 17 51 51 51 51 51 51 51 157 158 159 159 159 159 159 527 578 594 595 596 596 596 1372 2110 2426 2481 2529 2566 2569 1372 5458 9179 10261 10844 11253 11351
1551 50162130 6 6 6 6 6 6 6 26 26 26 26 26 26 26 148 152 152 152 152 152 152 610 656 674 686 686 686 686 2336 2874 3146 3238 3256 3267 3273 6113 10635 12827 13801 14042 14188 14274 6113 28043 48212 57423 60728 62250 63143
9099 5698727 1 1 1 1 1 1 1 4 4 4 4 4 4 4 13 13 13 13 13 13 13 64 64 74 74 74 74 74 237 254 322 331 331 343 343 607 885 1269 1399 1412 1502 1502 607 2378 4906 6066 6388 6929 6967
2863 10774670 4 4 4 4 4 4 4 11 11 11 11 11 11 11 31 31 31 31 31 31 31 110 121 124 124 124 124 124 446 571 639 653 657 657 657 1200 2204 2787 2987 3032 3037 3037 1200 5940 10847 12768 13445 13641 13755
5069 33288974 6 6 6 6 6 6 6 25 25 25 25 25 25 25 123 126 126 126 126 126 126 471 486 486 486 486 486 488 1813 2050 2086 2112 2117 2126 2153 4771 7466 8445 8926 9078 9180 9409 4771 19619 31493 37084 39041 40163 41479
6869 13458186 4 4 4 4 4 4 4 14 14 14 14 14 14 14 44 44 44 44 44 44 44 183 184 186 187 187 188 188 668 718 783 806 806 822 822 1764 2781 3379 3592 3639 3774 3775 1764 7138 12792 15088 15933 16786 16879
9401 39652508 4 4 4 4 4 4 4 17 17 17 17 17 17 17 99 99 99 99 99 99 99 449 453 469 469 469 470 470 1922 2093 2251 2280 2304 2335 2339 5233 8261 9944 10389 10666 10880 10922 5233 22050 38239 44508 47414 49247 49811
5451 12003156 1 1 1 1 1 1 1 4 4 4 4 4 4 4 32 32 32 32 32 32 32 112 128 134 137 137 137 137 461 576 642 654 656 664 664 1300 2459 3053 3221 3274 3332 3335 1300 6521 11718 13728 14521 14977 15106
7933 10741020 2 2 2 2 2 2 2 5 5 5 5 5 5 5 38 38 38 38 38 38 38 164 167 170 170 170 170 170 614 685 729 729 729 729 729 1572 2495 3014 3082 3105 3120 3120 1572 6553 11467 12809 13352 13634 13723
1883 52453595 16 16 16 16 16 16 16 42 42 42 42 42 42 42 161 162 162 162 162 162 162 705 724 729 729 729 731 731 2686 3064 3268 3302 3323 3345 3347 7090 11565 13614 14279 14575 14737 14768 7090 30227 51430 59835 63471 65243 65937
9111 2877901 2 2 2 2 2 2 2 6 6 6 6 6 6 6 15 15 15 15 15 15 15 58 58 58 58 58 58 58 191 207 207 210 210 210 210 487 729 761 801 810 810 811 487 1889 2758 3248 3488 3538 3564
7853 57146943 10 10 10 10 10 10 10 34 34 34 34 34 34 34 164 172 174 174 174 174 174 695 768 782 787 793 795 795 2605 3266 3447 3532 3629 3653 3659 6912 12467 14412 15379 16093 16322 16382 6912 32970 53990 63281 69144 71369 72212
4327 29252211 1 1 1 1 1 1 1 14 14 14 14 14 14 14 67 70 70 70 70 70 70 303 342 343 346 360 360 360 1243 1566 1607 1652 1778 1778 1784 3321 6068 6855 7338 8044 8068 8098 3321 16378 26116 31404 35616 36224 36571
4311 14102786 3 3 3 3 3 3 3 9 9 9 9 9 9 9 41 41 41 41 42 42 42 170 179 182 182 188 188 197 584 687 741 743 774 787 886 1444 2473 2946 3048 3258 3358 3939 1444 6459 11142 12804 14291 15023 17788
2207 86762571 8 8 8 8 8 8 8 45 45 45 45 45 45 45 240 241 241 241 241 241 242 1094 1135 1166 1170 1171 1171 1185 4236 4851 5181 5259 5296 5306 5391 11098 18166 21458 22807 23265 23501 24040 11098 47751 81505 96414 102216 104971 108314
1267 46626537 8 8 8 8 8 8 8 37 37 37 37 37 37 37 155 155 155 155 155 155 155 658 678 684 684 684 684 684 2522 2829 3003 3011 3019 3022 3023 6658 10535 12539 13014 13203 13341 13408 6658 27564 46538 53463 56347 57923 58681
7531 4458632 2 2 2 2 2 2 2 6 6 6 6 6 6 6 13 14 14 14 14 14 14 51 84 85 85 85 85 85 129 292 312 319 319 319 319 348 1113 1281 1367 1376 1376 1376 348 2870 4700 5568 5742 5810 5836
4811 8762445 3 3 3 3 3 3 3 12 12 12 12 12 12 12 41 41 41 41 41 41 41 141 142 145 145 145 145 145 484 536 579 582 584 585 585 1239 1935 2323 2422 2445 2498 2499 1239 5128 8645 9996 10418 10852 10906
8149 6720233 1 1 1 1 1 1 1 10 10 10 10 10 10 10 35 35 35 35 35 35 35 117 117 117 117 117 117 117 449 469 484 484 484 484 484 1134 1573 1885 1914 1933 1956 1956 1134 4043 6863 7725 8072 8378 8426
4297 7834124 2 2 2 2 2 2 2 9 9 9 9 9 9 9 36 36 36 36 36 36 36 133 142 142 142 142 142 142 433 520 529 548 548 548 548 1128 1893 2101 2290 2324 2325 2329 1128 4984 7704 9343 9804 9933 10010
6009 35241412 16 16 16 16 16 16 16 41 41 41 41 41 41 41 124 124 124 124 124 124 136 470 492 497 497 497 498 568 1674 1877 2006 2066 2085 2091 2363 4268 6805 8021 8699 8886 8952 10156 4268 17890 30242 36285 38462 39166 44630
1309 24367409 7 7 7 7 7 7 7 27 27 27 27 27 27 27 95 96 96 96 96 96 96 331 357 360 367 367 367 367 1164 1430 1464 1563 1583 1583 1586 2941 5148 5781 6579 6739 6765 6785 2941 13324 21656 27682 29497 30095 30488
4987 6589354 1 1 1 1 1 1 1 6 6 6 6 6 6 6 21 21 21 21 21 21 21 103 105 105 105 105 105 105 380 429 432 435 435 435 435 991 1590 1765 1837 1863 1873 1877 991 4133 6546 7594 8047 8180 8238
2857 40676339 8 8 8 8 8 8 8 38 39 39 39 39 39 39 123 146 146 146 146 146 146 462 573 585 585 585 585 585 1712 2375 2508 2544 2549 2550 2550 4461 8777 10410 11024 11187 11250 11279 4461 23270 39364 46347 48885 49926 50398
5933 36344208 7 7 7 7 7 7 7 21 21 21 21 21 21 21 78 86 86 86 86 86 86 364 439 439 446 446 447 447 1418 2014 2078 2132 2147 2161 2167 3751 7714 8891 9467 9720 9856 9949 3751 20726 34013 40144 42885 44325 45138
4953 3325076 2 2 2 2 2 2 2 3 3 3 3 3 3 3 7 7 7 7 7 7 7 34 34 34 34 34 34 34 152 158 162 191 205 205 205 399 544 636 821 916 926 928 399 1414 2397 3522 4071 4184 4205
2023 135440731 26 26 26 26 26 26 26 97 97 97 97 97 97 97 402 407 407 411 411 411 411 1609 1725 1742 1772 1772 1772 1775 6186 7372 7759 7948 7990 8026 8049 16776 28917 33736 36039 36876 37292 37517 16776 76567 128098 152478 162879 167211 169495
1091 24114930 2 2 2 2 2 2 2 12 12 12 12 12 12 12 64 67 67 67 67 67 67 269 296 300 300 300 300 300 1046 1329 1399 1426 1426 1427 1427 2788 5247 6187 6561 6637 6694 6719 2788 13928 23527 27739 29142 29975 30366
2841 2599376 3 3 3 3 3 3 3 5 5 5 5 5 5 5 9 9 9 9 9 9 9 32 32 32 32 32 32 32 144 158 158 158 158 158 158 393 590 666 687 704 707 707 393 1527 2486 2915 3102 3150 3178
7457 38652017 6 6 6 6 6 6 6 27 27 27 27 27 27 27 114 116 119 119 119 119 119 489 511 545 545 545 545 545 1838 2105 2324 2360 2387 2389 2397 5037 8206 10086 10608 10877 10967 11032 5037 21663 37843 44009 47020 48257 48894
981 2893696 2 2 2 2 2 2 2 4 4 4 4 4 4 4 9 9 9 9 9 9 9 35 35 35 35 35 35 35 161 165 167 167 171 171 171 451 701 746 765 802 802 802 451 1886 2918 3296 3559 3616 3663
2067 1924081 2 2 2 2 2 2 2 4 4 4 4 4 4 4 6 6 6 6 6 6 6 15 15 15 15 15 15 15 80 99 100 101 101 101 103 206 401 466 498 505 506 528 206 1047 1734 2088 2195 2248 2378
5541 39285911 3 3 3 3 3 3 3 21 21 21 21 21 21 21 95 95 96 96 96 96 96 441 461 489 489 489 493 493 1738 2012 2287 2333 2354 2396 2396 4629 7555 9633 10243 10549 10835 10856 4629 19786 36433 42833 46250 48331 48790
7167 516137 2 2 2 2 2 2 2 3 3 3 3 3 3 3 5 5 5 5 5 5 5 11 11 11 11 11 11 11 28 38 38 38 38 38 38 64 140 146 159 159 159 159 64 381 523 620 654 667 670
4537 164230201 12 12 12 12 12 12 12 86 90 90 90 90 90 90 464 503 504 504 505 505 505 2044 2314 2340 2350 2366 2370 2371 7729 9656 10076 10300 10461 10524 10569 20007 35708 41159 43730 45268 45913 46310 20007 93614 154440 182284 196563 202709 205790
1587 1278265 3 3 3 3 3 3 3 6 6 6 6 6 6 6 14 14 14 14 14 14 14 26 26 26 26 26 26 26 73 80 81 81 81 81 81 156 278 372 379 381 381 382 156 684 1301 1454 1505 1508 1529
3473 20652758 3 3 3 3 3 3 3 19 19 19 19 19 19 19 76 76 76 76 76 76 76 293 298 301 301 301 301 301 1100 1217 1261 1273 1283 1288 1288 2875 4619 5270 5533 5648 5716 5726 2875 12209 19684 22976 24625 25372 25612
9253 283936535 42 42 42 42 42 42 42 211 211 211 211 211 211 211 882 891 902 914 914 914 914 3626 3786 3926 4006 4012 4012 4012 13449 15564 16942 17630 17790 17817 17830 35056 57885 70589 76498 78505 79090 79414 35056 152234 266792 321070 342934 351317 355288
8101 56546631 8 8 8 8 8 8 8 52 52 52 52 52 52 52 200 200 200 200 200 200 200 833 857 865 865 869 871 871 2959 3369 3558 3579 3662 3678 3680 7697 12305 14369 15022 15667 15896 15953 7697 32611 54089 62790 68187 70304 71015
113 778827 3 3 3 3 3 3 3 5 5 5 5 5 5 5 9 9 9 9 9 9 9 13 13 13 13 13 13 13 33 33 37 38 38 38 38 76 100 133 148 149 159 159 76 261 511 666 712 791 804
9653 5601248 1 1 1 1 1 1 1 8 8 8 8 8 8 8 30 30 30 30 30 30 30 96 96 96 96 96 96 96 327 353 367 367 367 368 368 913 1370 1556 1611 1620 1631 1635 913 3660 5957 6746 7000 7129 7216
759 783757959 103 103 103 103 103 103 103 546 547 547 547 547 547 547 2446 2482 2488 2494 2494 2494 2494 10245 10762 10982 11091 11106 11118 11119 38750 45057 47876 49108 49447 49610 49657 102356 169564 200241 213642 218384 220797 221760 102356 446453 753687 891642 947334 973978 985566
8623 14336749 3 3 3 3 3 3 3 11 11 11 11 11 11 11 53 53 53 53 53 53 53 242 242 245 245 245 245 245 873 916 968 985 991 992 999 2205 3242 3790 4003 4081 4096 4175 2205 8556 14162 16490 17400 17785 18318
7103 1807914 2 2 2 2 2 2 2 7 7 7 7 7 7 7 18 18 18 18 18 18 18 60 60 60 60 60 60 60 188 195 195 195 195 195 195 460 604 622 646 649 649 649 460 1572 2099 2402 2502 2521 2532
8879 8529241 3 3 3 3 3 3 3 9 9 9 9 9 9 9 36 36 36 36 36 36 36 151 151 151 151 151 151 151 514 561 565 565 565 566 574 1370 2110 2286 2361 2401 2422 2490 1370 5566 8637 9730 10323 10569 10937
7517 18513726 3 3 3 3 3 3 3 11 11 15 15 15 15 15 41 41 53 53 53 53 53 174 176 232 238 238 238 238 699 791 1095 1163 1164 1174 1174 1905 3070 4505 5012 5084 5232 5234 1905 8122 16986 20877 21923 23054 23258
5379 21460222 7 7 7 7 7 7 7 20 20 20 20 20 20 20 72 72 72 72 72 72 72 315 321 324 324 324 324 324 1196 1314 1395 1402 1407 1408 1417 3035 4782 5637 5824 5927 5954 6001 3035 12362 21202 24213 25802 26492 26883
3059 16415844 7 7 7 7 7 7 7 19 19 19 19 19 19 19 61 61 61 61 61 61 61 254 260 264 264 264 264 264 964 1053 1088 1102 1103 1103 1106 2568 3942 4474 4661 4722 4742 4768 2568 10371 16754 19302 20283 20658 20945
2257 7038184 2 2 2 2 2 2 2 12 12 12 12 12 12 12 39 39 39 39 39 39 39 129 129 129 129 129 129 129 408 428 440 461 461 472 472 1045 1482 1703 1871 1878 1944 1944 1045 3832 6531 8016 8387 8747 8797
5389 21055851 1 1 1 1 1 1 1 16 16 16 16 16 16 16 63 63 63 63 63 63 63 247 293 295 295 295 295 295 978 1315 1366 1379 1382 1411 1411 2509 4840 5524 5795 5866 6116 6128 2509 12590 20326 23567 24831 26386 26671
9849 11809856 3 3 3 3 3 3 3 9 9 9 9 9 9 9 37 37 37 37 37 37 37 155 157 157 159 160 164 164 536 629 650 656 674 713 713 1431 2405 2751 2886 3068 3315 3317 1431 6308 10359 12081 13303 14786 14863
2497 44482517 7 7 7 7 7 7 7 38 38 38 38 38 38 38 162 162 162 162 162 162 162 684 702 708 708 718 718 718 2377 2659 2778 2807 2877 2905 2905 6175 9841 11278 11864 12342 12648 12710 6175 25602 41977 49067 53080 55266 55916
7477 38274418 6 6 6 6 6 6 6 23 23 23 23 23 23 23 103 103 103 103 103 103 103 430 446 495 496 496 496 496 1617 1989 2338 2375 2379 2385 2386 4238 7683 9975 10565 10692 10768 10794 4238 20652 37849 44470 46892 47860 48246
437 904774570 140 140 140 140 140 140 140 593 598 598 598 598 598 598 2647 2705 2713 2714 2714 2714 2716 11262 12131 12324 12432 12474 12485 12515 43205 51873 54730 56282 56858 56999 57248 113600 195769 228886 245328 251855 254116 255940 113600 517890 863445 1026751 1095012 1123347 1139532
1623 30212311 6 6 6 6 6 6 6 22 22 22 22 22 22 22 81 94 94 94 94 94 94 347 406 414 414 414 414 414 1409 1798 1911 1928 1933 1936 1940 3773 6714 7901 8237 8395 8455 8522 3773 17727 29733 34549 36586 37486 38081
2311 33813552 4 4 4 4 4 4 4 26 26 26 26 26 26 26 113 114 114 114 114 114 114 432 460 473 473 473 473 473 1644 2037 2167 2177 2184 2195 2196 4320 7632 9007 9343 9460 9595 9615 4320 20105 34251 39238 41120 42451 42837
4877 13862430 1 1 1 1 1 1 1 10 10 10 10 10 10 10 32 32 32 32 32 32 32 188 189 189 189 189 189 189 727 779 810 815 816 816 816 2006 3025 3529 3686 3728 3747 3773 2006 8164 13732 16061 16882 17198 17410
2963 157552517 25 25 25 25 25 25 25 114 114 114 114 114 114 114 503 508 508 509 509 509 509 2031 2161 2178 2201 2201 2203 2203 7383 8873 9382 9733 9792 9831 9842 19372 33719 39763 42836 43787 44337 44473 19372 89005 149851 179066 190569 196234 198219
8551 36669913 5 5 5 5 5 5 5 28 28 28 28 28 28 28 129 130 130 130 130 130 130 532 546 546 546 546 548 548 1956 2248 2290 2363 2370 2415 2417 5018 8195 9321 10015 10181 10495 10526 5018 21598 34957 41551 43866 45913 46392
2691 29466083 4 4 4 4 4 4 4 12 12 12 12 12 12 12 63 65 65 68 68 68 68 305 335 347 402 402 402 402 1144 1462 1574 1856 1879 1879 1890 3099 5580 6704 8135 8310 8360 8429 3099 14674 25166 33740 35954 36593 37199
1399 38876235 5 5 5 5 5 5 5 35 35 35 35 35 35 35 129 129 129 129 129 129 129 555 566 566 566 569 569 569 2013 2270 2341 2352 2400 2421 2422 5215 8356 9610 10061 10453 10665 10676 5215 22260 36854 42994 46389 48217 48549
6471 7211251 1 1 1 1 1 1 1 3 3 3 3 3 3 3 17 17 17 17 17 17 17 71 72 75 75 75 75 75 306 351 392 392 392 392 392 783 1385 1772 1854 1881 1909 1911 783 3734 6877 7996 8451 8804 8902
5537 9291029 1 1 1 1 1 1 1 4 4 4 4 4 4 4 28 32 32 32 32 32 32 120 140 140 141 141 141 141 417 589 595 599 599 599 603 1141 2328 2546 2622 2648 2655 2693 1141 5962 9374 10681 11096 11339 11657
6427 8898020 3 3 3 3 3 3 3 8 8 8 8 8 8 8 28 28 28 28 28 28 28 118 124 125 125 125 125 125 418 470 515 531 536 536 536 1101 1800 2249 2394 2439 2459 2464 1101 4818 8745 10250 10771 11004 11043
2883 1736844 2 2 2 2 2 2 2 4 4 4 4 4 4 4 9 9 9 9 9 9 9 30 30 30 30 30 30 30 104 113 122 122 122 122 122 295 434 517 528 529 535 535 295 1128 1884 2127 2171 2228 2257
6301 115296677 5 5 5 5 5 5 5 63 63 63 63 63 63 63 345 348 348 348 348 348 348 1540 1628 1635 1648 1651 1651 1651 5882 6913 7195 7361 7412 7419 7419 15348 25986 29904 31945 32622 32876 32970 15348 68322 112089 132608 140517 143926 145366
3091 139363048 17 17 17 17 17 17 17 107 107 107 107 107 107 107 450 459 460 460 461 461 461 1825 1916 1953 1966 1978 1978 1984 6784 7903 8354 8595 8709 8746 8785 17978 29794 34787 37254 38289 38722 38955 17978 78294 131312 155986 166611 171312 173560
5303 19684238 4 4 4 4 4 4 4 17 17 17 17 17 17 17 58 58 58 58 58 58 58 262 270 282 282 282 282 282 1048 1162 1253 1258 1269 1274 1275 2787 4362 5162 5364 5491 5590 5623 2787 11345 19060 21993 23442 24341 24663
6421 331299 2 2 2 2 2 2 2 4 4 4 4 4 4 4 5 5 5 5 5 5 5 8 8 8 8 8 8 8 24 24 24 24 24 24 24 53 79 81 81 81 84 84 53 212 333 369 379 410 414
3499 69688 2 2 2 2 2 2 2 3 3 3 3 3 3 3 3 3 3 3 3 3 3 4 4 4 4 4 4 4 9 9 9 9 9 9 9 22 30 32 32 32 32 32 22 85 106 111 111 111 111
5113 38053693 11 11 11 11 11 11 11 31 31 31 31 31 31 31 128 128 130 130 130 130 130 472 490 551 554 560 569 569 1720 1969 2314 2338 2397 2465 2472 4495 7392 9512 9898 10437 10841 10964 4495 19373 35526 40646 44599 46986 48015
8413 6008581 1 1 1 1 1 1 1 5 5 5 5 5 5 5 17 17 17 17 17 17 17 71 71 71 71 71 75 75 317 356 358 370 375 417 417 869 1334 1429 1524 1575 1787 1789 869 3463 5155 6024 6489 7677 7727
2917 90811529 13 13 13 13 13 13 13 70 71 71 71 71 71 71 299 312 319 319 319 319 319 1063 1186 1241 1243 1245 1246 1246 3902 4844 5349 5440 5476 5520 5547 10343 18446 22778 24061 24638 25113 25407 10343 48408 85788 100672 107478 111460 113661
3273 19148116 3 3 3 3 3 3 3 12 12 12 12 12 12 12 45 45 45 45 45 45 45 176 200 225 225 225 225 225 729 922 1114 1133 1143 1143 1144 2001 3654 5025 5258 5380 5404 5427 2001 9779 19373 22247 23609 24024 24281
5621 99181082 17 17 17 17 17 17 17 72 72 72 72 72 72 72 289 293 295 296 296 296 296 1348 1393 1410 1426 1429 1429 1429 5107 5798 6100 6249 6339 6366 6376 13544 21769 25300 26794 27653 28029 28153 13544 57362 95561 111238 119648 123107 124496
5441 12052135 2 2 2 2 2 2 2 15 15 15 15 15 15 15 56 56 56 56 56 56 56 173 174 175 175 175 183 183 638 683 713 722 722 755 755 1673 2534 2964 3147 3173 3318 3322 1673 6662 11284 13475 14107 14987 15082
9407 9778264 4 4 4 4 4 4 4 10 10 10 10 10 10 10 37 37 37 37 37 37 37 135 137 137 137 137 137 137 519 580 606 607 607 607 607 1390 2269 2625 2678 2730 2739 2740 1390 6004 9837 11166 11953 12211 12263
7877 16076633 2 2 2 2 2 2 2 15 15 15 15 15 15 15 65 72 72 72 72 72 72 215 263 263 263 263 263 263 733 954 986 995 1002 1003 1003 1931 3555 4085 4294 4393 4431 4459 1931 9222 15371 18122 19274 19796 20026
637 9711280 3 3 3 3 3 3 3 14 14 14 14 14 14 14 41 41 41 41 41 41 41 161 165 165 166 166 166 166 567 614 617 649 649 649 650 1462 2233 2471 2756 2782 2797 2808 1462 5935 9172 11338 11883 12127 12224
1299 12741 2 2 2 2 2 2 2 3 3 3 3 3 3 3 4 4 4 4 4 4 4 5 5 5 5 5 5 5 6 6 6 6 6 6 6 9 10 10 10 10 10 10 9 12 25 25 25 25 25
2111 7711178534 1259 1259 1259 1259 1259 1259 1261 5521 5545 5558 5571 5571 5576 5582 23744 24227 24404 24503 24508 24564 24575 99145 105187 107507 108686 108937 109358 109439 373281 438058 465865 478680 482862 486560 487463 983243 1647397 1945048 2078850 2131298 2162903 2173605 983243 4344954 7327170 8692535 9269378 9563736 9679221
1731 180740745 18 18 18 18 18 18 18 106 107 107 107 107 107 107 530 551 551 551 551 551 551 2290 2472 2498 2507 2507 2507 2513 8913 10745 11193 11439 11495 11512 11558 23359 40458 46551 49507 50464 50762 51192 23359 106417 174943 206095 218884 223702 227221
2269 173243692 24 24 24 24 24 24 24 91 91 91 91 91 91 91 479 497 500 500 500 500 500 2205 2399 2463 2468 2468 2468 2468 8409 10138 10952 11114 11168 11198 11211 22194 37426 45032 47581 48640 49145 49299 22194 98211 168544 197679 210645 216395 218514
9557 4623397 1 1 1 1 1 1 1 5 5 5 5 5 5 5 20 20 20 20 20 20 20 79 85 85 85 85 85 85 286 335 340 342 346 346 346 761 1164 1340 1402 1432 1433 1435 761 3065 4859 5591 5907 5974 6017
6577 29247987 4 4 4 4 4 4 4 17 17 17 17 17 17 17 68 69 71 71 71 71 71 295 330 414 414 414 414 414 1117 1408 1867 1883 1890 1890 1891 2985 5359 7799 8135 8303 8338 8372 2985 14028 28961 33558 35645 36198 36584
4033 945585 1 1 1 1 1 1 1 4 4 4 4 4 4 4 10 10 10 10 10 10 10 21 21 21 21 21 21 21 67 70 77 77 77 77 77 158 254 290 307 311 313 313 158 628 978 1177 1216 1241 1254
9829 40669348 3 3 3 3 3 3 3 29 29 29 29 29 29 29 117 131 131 131 131 131 131 405 510 515 515 516 516 516 1657 2364 2476 2514 2544 2548 2549 4334 8874 10404 11041 11383 11513 11533 4334 23242 39131 46070 49312 50835 51236
3921 86489151 14 14 14 14 14 14 14 69 69 69 69 69 69 69 276 287 289 289 289 289 289 1229 1343 1355 1356 1356 1356 1356 4625 5400 5552 5586 5653 5667 5668 12153 20187 22827 23735 24421 24590 24671 12153 53115 85582 98414 105538 107828 108908
4183 733580 2 2 2 2 2 2 2 2 2 2 2 2 2 2 3 3 3 3 3 3 3 19 19 19 19 19 19 19 56 59 60 60 60 60 60 154 217 243 243 243 243 243 154 586 881 951 993 1008 1009
5009 6345715 2 2 2 2 2 2 2 5 5 5 5 5 5 5 23 23 23 23 23 23 23 75 76 85 85 85 85 85 280 312 360 361 361 361 361 771 1192 1579 1653 1666 1682 1687 771 3180 6171 7228 7557 7836 7918
2469 81577690 14 14 14 14 14 14 14 69 69 69 69 69 69 69 238 240 241 241 241 241 241 1060 1116 1142 1142 1142 1142 1142 4055 4751 5112 5158 5180 5182 5193 10693 17890 21212 22218 22736 22841 22982 10693 47042 79589 92485 98648 100660 101987
3247 12115762 2 2 2 2 2 2 2 7 7 7 7 7 7 7 28 28 28 28 28 28 28 135 141 142 149 149 149 149 591 712 755 794 795 795 795 1626 2796 3224 3503 3544 3560 3564 1626 7303 11853 14301 14927 15160 15298
3049 11463878 4 4 4 4 4 4 4 14 14 14 14 14 14 14 53 53 53 53 53 53 53 171 172 173 173 173 173 173 642 690 728 728 728 732 732 1669 2533 3079 3139 3181 3243 3244 1669 6615 11589 13100 13826 14343 14456
2807 721903225 116 116 116 116 116 116 116 503 503 503 503 503 503 503 2124 2131 2163 2165 2169 2169 2169 9199 9586 9931 10039 10087 10090 10100 34618 39716 42988 44269 44859 44940 45113 91428 150188 180103 193268 199194 200767 202375 91428 396857 679469 810561 869451 890608 903952
5761 110886295 19 19 19 19 19 19 19 95 95 95 95 95 95 95 377 388 388 388 388 388 388 1425 1563 1592 1601 1601 1602 1602 5251 6370 6674 6839 6853 6894 6918 13931 24259 28112 29760 30239 30582 30900 13931 63983 106392 125060 131948 135690 138491
2739 71857597 8 8 8 8 8 8 8 47 47 47 47 47 47 47 223 223 223 223 223 223 223 934 956 989 989 989 989 989 3471 3967 4322 4404 4421 4430 4434 9152 15241 18496 19630 19895 20039 20131 9152 40301 69557 82531 86845 88937 89993
6587 6433436 3 3 3 3 3 3 3 8 8 8 8 8 8 8 19 19 19 19 19 19 19 86 100 100 100 100 100 100 323 411 423 423 425 425 425 839 1556 1799 1815 1842 1847 1849 839 4141 6728 7399 7839 7966 8115
5589 9686987 3 3 3 3 3 3 3 13 13 13 13 13 13 13 49 49 49 49 49 49 49 183 184 184 184 184 184 184 596 643 671 682 688 688 688 1633 2408 2689 2852 2944 2958 2959 1633 6172 9794 11461 12390 12652 12705
6307 98106 1 1 1 1 1 1 1 2 2 2 2 2 2 2 3 3 3 3 3 3 3 6 6 6 6 6 6 6 16 16 16 16 16 16 16 34 47 47 47 47 47 47 34 115 135 135 135 135 136
1881 10878619 6 6 6 6 6 6 6 14 14 14 14 14 14 14 40 40 40 40 40 40 40 141 158 159 159 159 159 159 478 641 671 677 679 679 683 1203 2492 2905 3027 3068 3097 3125 1203 6568 10853 12513 13108 13560 13823
9927 31302072 1 1 1 1 1 1 1 14 14 14 14 14 14 14 78 82 82 82 86 86 86 310 347 364 364 398 398 398 1227 1513 1742 1798 1947 1952 1953 3155 5511 7188 7677 8500 8646 8675 3155 14362 27096 32177 36951 38317 38756
2209 25737501 7 7 7 7 7 7 7 18 18 18 18 18 18 18 66 66 66 66 66 66 66 318 319 327 328 328 334 334 1236 1323 1473 1505 1513 1540 1540 3296 5001 6458 6834 7004 7182 7203 3296 13149 24610 28784 30548 31908 32226
4153 9510971 2 2 2 2 2 2 2 3 3 3 3 3 3 3 24 24 24 24 24 24 24 136 136 138 138 138 138 138 501 542 579 581 585 585 585 1381 2052 2458 2600 2645 2656 2680 1381 5305 9154 10773 11425 11692 11902
1171 2518831 2 2 2 2 2 2 2 3 3 3 3 3 3 3 12 12 12 12 12 12 12 34 34 34 34 34 34 34 129 142 142 146 147 149 149 318 486 561 589 607 670 671 318 1270 2269 2672 2831 3162 3198
4783 44887357 4 4 4 4 4 4 4 26 26 26 26 26 26 26 132 132 133 134 134 134 134 561 593 609 638 638 638 638 2141 2469 2637 2818 2820 2822 2822 5750 9135 10941 12242 12473 12561 12574 5750 23954 41100 51135 54341 55653 56077
873 253683557 44 44 44 44 44 44 44 182 182 182 182 182 182 182 763 766 767 767 767 767 768 3169 3308 3369 3402 3408 3408 3412 12094 14063 14905 15344 15469 15523 15604 31895 53559 62927 67815 69455 70180 70880 31895 141972 238063 286218 304472 313116 318894
1127 3593765 4 4 4 4 4 4 4 8 8 8 8 8 8 8 27 27 27 27 27 27 27 65 65 65 65 65 65 65 184 192 194 194 203 203 203 477 728 816 892 953 954 954 477 1911 2998 3824 4351 4415 4431
6201 6413328 3 3 3 3 3 3 3 5 5 5 5 5 5 5 21 21 21 21 21 21 21 68 74 76 76 76 76 76 266 356 400 406 406 406 406 676 1341 1745 1822 1837 1853 1854 676 3471 6505 7455 7789 7985 8022
9243 17049452 4 4 4 4 4 4 4 11 11 11 11 11 11 11 47 47 47 47 47 47 47 218 220 220 223 223 223 223 795 856 907 973 980 980 987 2122 3352 4089 4552 4690 4731 4784 2122 8797 15543 19043 20485 21098 21562
9931 16523450 1 1 1 1 1 1 1 8 8 8 8 8 8 8 32 35 35 35 35 35 35 147 205 205 205 206 206 206 528 930 960 976 991 994 994 1459 3683 4129 4401 4578 4684 4688 1459 9891 15460 18495 19966 20869 21038
4073 28456756 5 5 5 5 5 5 5 17 17 17 17 17 17 17 75 75 75 75 75 75 75 371 375 386 393 394 394 394 1406 1566 1685 1746 1770 1771 1771 3671 6003 7116 7654 7950 8019 8052 3671 15691 26722 31730 34487 35319 35852
6303 49843623 5 5 5 5 5 5 5 23 23 23 23 23 23 23 130 130 130 130 130 130 130 616 633 637 639 639 639 639 2489 2891 2976 3025 3055 3060 3062 6565 11085 12557 13462 13817 13948 14018 6565 29415 47687 56948 61062 62589 63279
7177 132597166 10 10 10 10 10 10 10 53 53 82 82 82 82 82 207 210 412 412 412 412 412 767 801 1855 1865 1865 1869 1869 2797 3240 8048 8199 8226 8271 8277 7281 12243 33943 35944 36513 36921 36992 7281 32425 128746 151268 159983 164529 165860
317 245711836 32 38 38 38 38 38 38 99 164 164 166 166 166 166 420 771 775 781 783 783 783 1726 3397 3449 3521 3549 3552 3552 6435 13985 14590 15191 15496 15560 15575 16789 52803 60712 65715 68383 69112 69425 16789 139316 227516 273293 296864 305097 308723
5883 7308443 3 3 3 3 3 3 3 3 3 3 3 3 3 3 19 19 19 19 19 20 20 85 91 91 91 91 97 97 334 385 407 407 417 441 441 965 1476 1725 1789 1892 1995 2019 965 3903 6588 7586 8328 8854 9036
2369 21514491 6 6 6 6 6 6 6 22 22 22 22 22 22 22 82 82 82 82 82 82 82 289 308 309 311 311 311 311 1024 1222 1244 1279 1289 1293 1293 2763 4851 5509 5829 5936 6001 6011 2763 12707 20807 24630 26134 26857 27060
4453 9400562 1 1 1 1 1 1 1 8 8 8 8 8 8 8 28 28 28 29 29 29 29 89 92 92 106 106 106 106 377 438 447 537 537 537 537 1023 1743 1946 2501 2565 2578 2583 1023 4685 7500 10669 11294 11546 11665
1039 164433911 35 35 35 35 35 35 35 134 134 134 134 134 134 134 527 541 544 544 544 544 544 2139 2307 2374 2378 2380 2385 2385 7816 9282 9948 10125 10171 10223 10227 20696 35034 41661 44324 45146 45668 45759 20696 92798 157849 186193 197542 203079 204700
8999 9838988 5 5 5 5 5 5 5 12 12 12 12 12 12 12 24 24 24 24 24 24 24 116 121 121 122 122 122 122 484 575 586 593 593 593 593 1248 2233 2550 2697 2739 2758 2763 1248 6020 9922 11555 12154 12404 12471
7619 11294924 1 1 1 1 1 1 1 8 8 8 8 8 8 8 43 43 43 43 43 43 43 183 184 184 184 184 184 185 668 730 754 759 759 759 780 1741 2713 3080 3224 3250 3261 3352 1741 7061 11439 13206 13711 13945 14540
167 5053689 4 4 4 4 4 4 4 5 5 5 5 5 5 5 16 16 16 16 16 16 16 57 59 59 59 59 59 59 196 250 261 266 270 270 270 538 1030 1235 1290 1324 1332 1337 538 2751 4693 5497 5932 6030 6096
4817 3333888 2 2 2 2 2 2 2 3 3 3 3 3 3 3 20 20 20 20 20 20 20 70 70 70 70 70 70 70 221 243 243 249 257 257 257 584 921 957 1025 1062 1062 1062 584 2398 3429 4005 4300 4317 4330
4233 233190 1 1 1 1 1 1 1 2 2 2 2 2 2 2 3 3 3 3 3 3 3 10 10 10 10 10 10 10 28 28 28 28 28 28 28 65 81 85 86 86 86 86 65 224 292 308 319 319 320
311 216700631 37 37 37 37 37 37 37 156 156 156 156 156 156 156 677 685 687 687 691 691 691 2819 2978 3002 3024 3062 3062 3062 10403 12341 12909 13308 13551 13568 13579 27487 47130 54439 58495 60449 60950 61199 27487 124178 205193 244419 262669 268662 271612
121 21707599 9 9 9 9 9 9 9 32 32 32 32 32 32 32 92 92 92 92 92 92 92 331 338 341 341 341 341 341 1197 1340 1393 1401 1408 1409 1409 3096 4945 5626 5915 6061 6095 6121 3096 13127 20838 24379 26083 26781 27072
8807 130036 2 2 2 2 2 2 2 2 2 2 2 2 2 2 3 3 3 3 3 3 3 4 4 4 4 4 4 4 15 17 17 17 17 17 17 33 48 48 48 48 48 48 33 118 177 187 193 193 193
#resid 0 0 0 0 0
