# q=5 mode=iidq roots=300 cp_lo=4 cp_hi=8 buf_lo=9 buf_hi=13 seed=2026
# root nvisited then n_cp*n_buf cumulative counts N(val<=cp[ci], pmax<=buf[bi]) row-major ci,bi
1077 12721992 24 24 24 24 24 113 118 118 118 118 575 612 616 616 618 2525 2812 2936 2959 3000 9617 12001 13268 13680 13995
1699 28651399 72 72 72 72 72 305 305 305 306 306 1277 1307 1351 1385 1395 5532 5947 6377 6632 6735 21309 25788 28882 30640 31501
303 66153046 114 114 114 114 114 549 565 570 570 570 2713 2882 2959 2978 2981 12345 13739 14610 14875 15010 48201 60165 67138 70176 71724
9511 252467 4 4 4 4 4 8 8 8 8 8 20 20 20 20 20 66 70 71 71 71 251 300 315 326 327
2921 1926080 13 13 13 13 13 34 34 34 34 34 103 104 104 104 104 418 434 438 440 442 1619 1836 1972 2045 2104
9989 4197359 2 2 2 2 2 13 13 13 13 13 174 175 175 176 176 812 882 885 914 931 3201 3931 4116 4327 4522
9469 2700 2 2 2 2 2 3 3 3 3 3 4 4 4 4 4 4 4 4 4 4 8 8 8 8 8
881 3794341 7 7 7 7 7 17 17 17 17 17 132 132 139 144 144 621 643 716 767 768 2578 2993 3496 3948 4008
3817 167368 2 2 2 2 2 4 4 4 4 4 7 7 7 7 7 49 49 49 49 49 177 209 209 209 211
6823 92623 2 2 2 2 2 4 4 4 4 4 10 10 10 10 10 27 27 27 27 27 83 92 94 95 95
5489 970104 2 2 2 2 2 5 5 5 5 5 28 28 28 30 30 140 148 157 186 186 617 722 809 1013 1032
4229 24692157 59 59 59 59 59 263 263 263 265 265 1218 1242 1244 1272 1279 5182 5500 5605 5806 5875 20143 23949 25563 27067 27591
9383 117229 2 2 2 2 2 3 3 3 3 3 10 10 10 10 10 24 24 24 24 24 102 123 129 129 129
1931 771972 6 6 6 6 6 16 16 16 16 16 48 48 48 48 48 201 201 201 201 201 719 783 792 803 828
4409 316392 4 4 4 4 4 14 14 14 14 14 31 31 31 31 31 81 99 99 99 99 286 389 413 423 450
3647 22231 2 2 2 2 2 5 5 5 5 5 7 7 7 7 7 14 14 14 14 14 39 39 40 40 40
9637 457191 3 3 3 3 3 12 12 12 12 12 34 34 34 34 34 137 138 138 138 138 476 518 549 561 561
9697 15771 1 1 1 1 1 3 3 3 3 3 4 4 4 4 4 10 10 10 10 10 25 26 26 26 26
8649 2940250 7 7 7 7 7 33 33 33 33 33 139 139 141 141 141 595 626 647 668 668 2255 2695 2927 3165 3192
2967 155392 2 2 2 2 2 4 4 4 4 4 6 6 6 6 6 26 26 26 26 26 102 135 138 139 143
1657 2182637 6 6 6 6 6 23 23 23 23 23 94 94 94 95 95 407 436 436 462 465 1633 1927 1990 2249 2296
4433 48429 2 2 2 2 2 2 2 2 2 2 5 5 5 5 5 13 14 14 14 14 41 60 64 64 69
7777 298885 2 2 2 2 2 10 10 10 10 10 23 23 23 23 23 92 92 92 92 93 348 363 365 369 386
943 1722914 7 7 7 7 7 17 17 17 17 17 78 78 78 78 78 334 345 345 365 365 1322 1602 1668 1837 1838
6521 1751222 6 6 6 6 6 23 23 23 23 23 97 97 97 97 97 401 412 413 413 413 1607 1858 1961 1978 2001
2081 358784 3 3 3 3 3 8 8 8 8 8 28 28 28 28 28 104 104 105 105 105 331 370 384 384 399
9753 2681892 1 1 1 1 1 26 26 27 27 27 102 102 135 135 135 454 472 679 679 679 1752 2005 3011 3032 3045
1069 6590236 13 13 13 13 13 68 70 70 70 70 301 315 323 330 331 1231 1381 1438 1522 1535 4661 6006 6548 7033 7207
653 864494 4 4 4 4 4 12 12 12 12 12 37 37 37 37 37 198 212 214 214 214 717 860 917 921 926
1573 4165045 6 6 6 6 6 42 42 42 42 42 185 190 190 190 190 897 942 957 971 984 3397 4027 4224 4349 4465
7977 1118742 4 4 4 4 4 15 15 15 15 15 65 65 65 65 65 227 237 246 268 268 842 935 1057 1227 1232
4823 5651506 12 12 12 12 12 49 49 49 49 49 233 236 242 247 259 1027 1072 1130 1178 1232 3936 4573 5201 5574 5895
2579 3336083 7 7 7 7 7 29 29 29 29 29 172 172 172 172 172 702 733 742 748 749 2716 3180 3437 3536 3578
9889 292162 2 2 2 2 2 4 4 4 4 4 18 20 20 20 20 76 83 83 83 83 242 308 316 322 332
8811 6468563 9 9 9 9 9 55 55 55 63 63 254 257 258 289 289 1201 1267 1289 1496 1511 4512 5333 5645 6888 7040
1491 29955283 74 74 74 74 74 311 315 315 316 316 1363 1434 1445 1453 1453 5925 6549 6802 6905 6915 22574 28430 31039 32214 32599
1079 2947424 7 7 7 7 7 41 41 41 41 41 157 158 158 158 158 632 685 692 693 693 2446 2982 3139 3173 3198
3649 2662357 13 13 13 13 13 45 45 45 45 45 156 156 156 156 156 645 657 669 669 670 2435 2711 2876 2911 2929
7071 1142222 4 4 4 4 4 7 7 7 7 7 33 36 36 36 36 151 212 214 214 214 660 1111 1159 1179 1183
3721 735333 4 4 4 4 4 13 13 13 13 13 44 45 45 45 45 160 184 184 184 184 570 786 806 813 828
4049 8844584 20 20 20 20 20 106 108 108 108 108 451 473 473 473 473 1931 2092 2120 2134 2158 7319 8816 9318 9558 9815
3927 7427466 15 15 15 15 15 75 75 75 75 75 310 316 316 320 321 1411 1579 1595 1633 1683 5487 7050 7418 7730 8038
109 162533121 354 357 357 357 357 1598 1624 1649 1656 1656 7270 7514 7701 7780 7785 31851 34536 36335 37145 37304 123401 150344 166950 174473 177204
8309 468179 2 2 2 2 2 7 7 7 7 7 26 26 26 26 26 123 123 123 123 123 440 457 488 492 494
8129 9446412 13 13 13 13 13 72 72 72 72 72 387 392 392 392 392 1850 1960 2011 2017 2030 7434 8976 9731 9939 10191
7069 1103654 3 3 3 3 3 10 10 10 10 10 54 54 54 54 54 238 239 252 252 252 941 1034 1119 1161 1176
1401 1960367 3 3 3 3 3 26 26 26 26 26 105 105 106 106 106 410 420 456 465 466 1543 1789 2099 2173 2194
2793 1261712 4 4 4 4 4 14 14 14 14 14 67 67 67 67 67 298 304 316 323 323 1113 1265 1373 1436 1439
9041 33649532 87 87 87 87 87 382 382 382 382 382 1582 1612 1614 1619 1620 6881 7318 7568 7659 7690 26705 31645 34433 35705 36347
377 38506668 69 69 69 69 69 344 349 360 361 361 1809 1871 1949 1986 1986 7796 8466 9067 9287 9321 29773 35784 40362 42177 42704
219 1981370 5 5 5 5 5 17 17 17 17 17 112 112 112 112 112 448 452 452 455 455 1828 2025 2078 2146 2155
6749 2422950 12 12 12 12 12 43 43 43 43 43 126 138 138 138 138 443 520 521 544 544 1689 2325 2436 2570 2589
4341 1947557 8 8 8 8 8 19 19 19 19 19 99 99 99 99 99 453 453 457 458 458 1822 1927 2076 2139 2146
5053 3365788 12 12 12 12 12 35 36 36 36 36 173 189 189 189 189 702 827 827 827 833 2691 3536 3699 3767 3848
4001 7947704 18 18 18 18 18 97 97 97 98 98 358 369 369 406 411 1447 1581 1613 1810 1880 5321 6511 6944 8102 8616
8597 5114381 6 6 6 6 6 52 52 52 52 52 225 227 228 228 240 1072 1135 1157 1157 1236 4080 4927 5261 5335 5779
5583 323609 2 2 2 2 2 5 5 5 5 5 28 28 28 28 28 94 94 94 97 97 289 306 318 351 357
9399 89462 1 1 1 1 1 2 2 2 2 2 7 7 7 7 7 27 27 27 27 27 99 99 100 100 100
9441 671380 1 1 1 1 1 3 3 3 3 3 22 23 23 23 23 147 155 155 155 155 594 706 729 744 744
357 1696730 4 4 4 4 4 21 21 21 21 21 93 94 94 94 94 354 366 367 367 367 1474 1693 1754 1792 1811
3471 295714 1 1 1 1 1 7 7 7 7 7 14 14 14 14 14 75 76 79 79 79 267 295 330 351 351
287 2303618 15 15 15 15 15 39 39 39 39 39 140 140 140 140 140 587 593 599 600 600 2164 2410 2584 2628 2641
1483 1085942 4 4 4 4 4 15 15 15 15 15 68 68 68 68 68 258 261 261 261 261 1018 1114 1148 1191 1200
4203 71871 1 1 1 1 1 4 4 4 4 4 7 7 7 7 7 20 20 20 20 20 68 78 80 80 80
8199 4092654 6 6 6 6 6 26 26 29 29 29 167 167 182 182 182 766 811 901 902 903 3081 3621 4259 4332 4372
3017 1588212 5 5 5 5 5 18 18 18 18 18 90 90 90 90 90 342 347 354 354 354 1305 1437 1571 1609 1629
8673 8513633 11 11 11 11 11 83 88 88 88 88 389 426 427 427 427 1604 1850 1895 1907 1907 6123 8181 8857 9163 9243
9217 903347 1 1 1 1 1 10 10 10 10 10 56 56 56 56 56 246 247 247 250 253 807 867 888 920 965
3799 3347882 14 14 14 14 14 38 39 39 39 39 152 168 168 168 168 625 767 768 775 776 2463 3399 3496 3585 3662
481 19334178 36 38 38 38 38 166 180 180 183 183 730 832 838 855 855 3339 3971 4077 4207 4212 13233 17776 19435 20585 20792
9669 2108837 3 3 3 3 3 28 28 28 28 28 130 130 130 130 130 538 545 546 548 548 2064 2263 2356 2398 2408
8521 1575305 1 1 1 1 1 16 16 16 16 16 83 83 83 83 83 353 368 375 376 378 1388 1585 1670 1718 1765
4429 3194313 13 13 13 13 13 39 39 39 39 39 194 194 194 194 199 755 769 771 778 813 2729 3043 3201 3314 3562
679 266221 2 2 2 2 2 4 4 4 4 4 11 11 11 11 11 54 54 54 54 54 218 234 240 261 264
1043 10998122 23 23 23 23 23 103 103 103 103 103 513 522 549 549 549 2013 2198 2400 2425 2425 7845 9904 11502 11823 11978
8687 1422922 7 7 7 7 7 15 15 15 15 15 67 67 67 67 67 241 300 304 307 307 897 1341 1478 1500 1509
687 16246774 38 38 38 38 38 151 155 156 156 156 683 724 744 766 782 2941 3318 3497 3641 3760 11011 13998 15590 16716 17509
2021 2174111 6 6 6 6 6 15 15 15 15 15 77 81 81 81 81 360 415 428 436 439 1548 1961 2121 2247 2289
8009 2539306 2 2 2 2 2 13 13 13 13 13 90 91 91 91 91 483 526 527 534 553 1932 2422 2489 2560 2701
5183 3299463 3 3 3 3 3 19 19 19 19 19 139 140 140 146 146 661 698 710 744 745 2610 3053 3260 3478 3514
5891 37741 2 2 2 2 2 2 2 2 2 2 8 8 8 8 8 21 21 21 21 21 55 55 59 59 59
5823 2578701 3 3 3 3 3 24 24 24 24 24 116 118 126 126 126 511 539 611 623 623 1886 2227 2701 2801 2816
2697 690914 3 3 3 3 3 8 8 8 8 8 39 39 39 39 39 155 158 158 158 185 612 673 692 697 848
7277 2612338 4 4 4 4 4 19 19 19 19 19 98 98 98 98 98 526 543 561 576 576 2058 2358 2634 2747 2793
797 174647 3 3 3 3 3 5 5 5 5 5 7 7 7 7 7 41 41 41 41 41 173 204 208 208 213
9661 184850 1 1 1 1 1 6 6 6 6 6 17 17 17 17 17 60 60 60 60 60 216 224 229 232 232
7801 3595162 4 4 4 4 4 25 25 25 25 25 146 146 149 149 149 702 718 768 773 775 2836 3231 3676 3769 3838
6517 1133704 2 2 2 2 2 10 10 10 10 10 46 46 46 46 46 251 260 267 268 268 990 1112 1205 1241 1246
927 45007845 75 75 75 75 75 440 451 452 452 452 2065 2216 2242 2243 2255 9012 10205 10567 10626 10682 34516 43706 47720 48985 49712
7951 2162 2 2 2 2 2 2 2 2 2 2 3 3 3 3 3 6 6 6 6 6 10 10 10 10 10
1763 4495218 4 4 4 4 4 33 33 33 33 33 191 191 191 196 196 883 903 926 995 997 3575 4076 4394 4843 4890
2387 666572 2 2 2 2 2 9 9 9 9 9 34 34 34 34 34 116 116 116 116 116 523 590 627 633 639
3353 274351 2 2 2 2 2 3 3 3 3 3 9 9 9 9 9 39 41 42 42 45 178 230 259 267 293
4071 441236 1 1 1 1 1 3 3 3 3 3 11 11 11 11 11 57 59 59 73 73 220 262 286 415 416
9161 1047176 1 1 1 1 1 9 9 9 9 9 56 56 57 57 57 233 246 260 260 260 829 994 1128 1140 1167
2439 1001887 4 4 4 4 4 14 14 14 14 14 52 52 52 52 52 221 236 243 243 243 834 993 1084 1098 1102
1729 108842 4 4 4 4 4 8 8 8 8 8 16 16 16 16 16 44 44 44 44 44 140 143 146 147 147
9419 302708 1 1 1 1 1 3 3 3 3 3 10 10 10 10 10 70 76 76 76 76 285 331 347 354 359
6369 10265568 16 16 16 16 16 92 92 93 93 93 436 454 474 475 475 1988 2147 2297 2360 2365 7648 9222 10462 11117 11287
8627 1127493 6 6 6 6 6 12 12 12 12 12 59 59 59 59 59 289 293 306 307 307 992 1128 1268 1299 1303
7001 487313 2 2 2 2 2 5 5 5 5 5 28 28 28 28 28 107 107 108 113 113 461 485 510 554 554
1819 1962216 4 4 4 4 4 16 16 16 16 16 68 68 79 80 80 331 347 403 408 408 1441 1679 2054 2120 2132
7831 2636322 7 7 7 7 7 27 27 27 27 27 137 137 137 137 137 557 579 614 614 614 2086 2495 2877 2899 2922
457 5089911 11 11 11 11 11 58 58 58 59 59 232 232 232 260 260 968 1002 1016 1171 1172 3672 4332 4659 5406 5442
8001 3104173 7 7 7 7 7 31 31 31 31 31 165 165 165 165 165 697 725 726 737 737 2753 3149 3313 3428 3450
8233 11527835 22 22 22 22 22 112 113 113 113 113 490 513 514 514 523 2113 2354 2440 2491 2607 8057 10326 11270 11723 12566
9781 3297165 10 10 10 10 10 34 34 34 34 34 164 164 181 181 181 676 694 792 793 800 2525 2923 3457 3495 3547
5717 13256704 24 24 24 24 24 132 132 134 134 134 621 654 677 677 678 2612 2935 3059 3102 3122 10128 12824 13884 14381 14636
6743 13031307 21 23 23 23 23 96 110 110 110 110 476 580 582 582 582 2141 2723 2844 2867 2901 8357 11944 13379 13728 14124
9087 225848 1 1 1 1 1 3 3 3 3 3 7 7 7 7 7 53 54 54 54 54 225 253 261 261 261
7451 6085968 10 10 10 10 10 48 49 49 49 49 232 245 252 252 252 1156 1290 1334 1356 1361 4583 5807 6194 6437 6514
8377 339962 2 2 2 2 2 7 7 7 7 7 28 28 28 28 28 80 84 84 87 87 303 373 376 403 403
8013 873358 1 1 1 1 1 8 8 8 8 8 64 64 64 64 64 238 245 245 245 245 853 948 976 986 1002
819 878119 4 4 4 4 4 16 16 16 16 16 59 59 59 59 59 228 237 237 237 241 776 884 903 920 940
8003 10588272 22 22 22 22 22 109 109 109 113 113 462 478 479 507 511 1914 2112 2199 2421 2470 7417 9055 9877 11234 11655
389 26766752 66 66 66 66 66 296 301 303 303 303 1309 1374 1414 1414 1414 5277 5888 6279 6326 6358 20167 25231 28263 29226 29673
6349 6824905 18 18 18 18 18 76 76 76 76 76 335 335 335 346 346 1423 1492 1501 1566 1571 5506 6594 6905 7396 7490
5997 59788 1 1 1 1 1 2 2 2 2 2 7 7 7 7 7 17 17 17 17 17 64 68 68 68 68
6319 401449 3 3 3 3 3 7 7 7 7 7 23 23 23 23 23 102 104 108 108 108 319 347 396 401 406
1271 446859 5 5 5 5 5 9 9 9 9 9 30 30 30 30 30 105 105 106 107 107 367 416 426 440 443
3167 8497688 24 24 24 24 24 73 78 78 78 78 297 352 352 374 383 1280 1605 1646 1849 1924 5094 7069 7611 8789 9314
7499 38391 1 1 1 1 1 2 2 2 2 2 4 4 4 4 4 11 15 15 15 15 27 47 47 47 47
7903 32752 1 1 1 1 1 2 2 2 2 2 4 4 4 4 4 8 8 8 8 8 22 28 28 28 28
5409 2260770 5 5 5 5 5 21 21 21 21 21 112 114 114 114 114 497 523 523 526 531 1941 2236 2321 2393 2435
2277 636252 2 2 2 2 2 9 9 9 9 9 38 38 38 38 38 176 176 178 178 178 623 668 732 733 733
7401 366652 2 2 2 2 2 4 4 4 4 4 10 10 10 10 10 48 54 55 55 55 224 286 306 336 337
6027 766174 4 4 4 4 4 10 10 10 10 10 40 40 40 40 40 182 189 190 190 190 722 810 831 865 865
4911 3126919 5 5 5 5 5 24 24 24 24 24 123 124 124 124 124 604 624 653 655 655 2391 2763 3108 3175 3206
2403 191822 2 2 2 2 2 3 3 3 3 3 9 9 9 9 9 47 48 48 48 48 162 189 190 190 192
7963 2452876 3 3 3 3 3 8 8 8 8 8 52 52 89 89 89 271 274 547 549 551 1052 1179 2580 2656 2718
4191 697926 2 2 2 2 2 8 8 8 8 8 39 39 39 39 39 153 158 158 158 158 560 651 689 701 701
5087 630132 3 3 3 3 3 10 10 10 10 10 27 27 27 27 27 113 125 125 125 125 484 633 647 663 667
1477 6421240 15 15 15 15 15 59 59 67 67 67 255 264 312 319 319 1112 1192 1464 1506 1511 4386 5183 6757 7053 7163
499 19122776 27 27 27 27 27 174 174 174 174 174 871 893 893 914 917 3936 4189 4259 4393 4450 15146 18090 19269 20362 20886
5491 9065128 16 16 16 16 16 84 87 87 87 87 382 404 404 407 407 1737 1930 1958 2015 2017 6824 8340 8868 9499 9573
9359 1919266 2 2 2 2 2 12 12 12 12 12 70 70 70 70 70 388 393 393 397 397 1746 1917 1984 2033 2043
9917 94172 1 1 1 1 1 2 2 2 2 2 14 14 14 14 14 44 47 47 47 47 124 135 139 146 146
8359 8360381 13 13 13 13 13 90 90 91 91 91 421 422 436 436 436 1679 1783 1886 1899 1901 6720 8088 8856 9090 9247
2461 255453 2 2 2 2 2 4 4 4 4 4 14 14 14 14 14 57 57 58 58 58 198 242 256 257 259
8633 6225090 12 12 12 12 12 67 67 67 67 67 307 313 314 314 314 1249 1354 1385 1390 1409 4850 5888 6358 6488 6688
5661 329993 2 2 2 2 2 5 5 5 5 5 16 16 16 16 16 67 70 70 70 70 238 305 323 329 333
139 43671535 80 83 83 83 83 381 410 412 412 412 1792 2002 2037 2054 2055 7974 9396 9757 9985 10015 31006 40942 44582 46786 47500
9519 17772 1 1 1 1 1 2 2 2 2 2 5 5 5 5 5 9 9 9 9 9 28 28 28 28 28
279 1137653 5 5 5 5 5 19 19 19 19 19 61 66 66 66 66 285 307 308 309 309 998 1186 1233 1268 1294
3657 289542 2 2 2 2 2 3 3 3 3 3 16 16 16 16 16 76 76 76 76 76 290 331 332 335 335
2437 317633 3 3 3 3 3 8 8 8 8 8 22 22 22 22 22 74 75 75 75 75 261 293 299 315 315
4849 271458 2 2 2 2 2 6 6 6 6 6 18 18 18 18 18 71 72 72 72 72 254 296 308 308 308
2761 2091517 4 4 4 4 4 22 22 22 22 22 96 97 97 97 97 464 484 490 490 490 1879 2174 2271 2306 2318
6603 1959343 3 3 3 3 3 22 22 23 23 23 88 88 100 100 100 379 395 474 474 474 1345 1622 2041 2056 2082
1189 712038 3 3 3 3 3 7 7 7 7 7 35 35 35 35 35 174 203 207 207 207 518 697 782 807 809
5027 12810254 19 19 19 19 19 83 83 87 87 87 510 520 586 588 588 2304 2448 2909 2946 2954 9103 10743 13295 13842 14084
1703 997880 3 3 3 3 3 8 8 8 8 8 44 47 47 47 47 206 218 241 241 241 761 871 1015 1027 1039
5881 3081448 5 5 5 5 5 37 37 37 37 37 154 160 161 161 161 660 699 718 726 732 2535 2982 3225 3287 3385
543 19320653 27 27 27 27 28 156 156 163 163 193 727 738 794 794 960 3090 3248 3637 3659 4457 12079 14205 16845 17350 21063
1519 431965 2 2 2 2 2 4 5 5 5 5 20 26 26 26 26 81 106 109 111 111 338 446 473 497 506
2913 5839287 12 12 13 13 13 28 28 49 49 49 109 109 255 262 262 453 480 1206 1267 1269 1785 2089 5576 5970 6070
8313 45116 1 1 1 1 1 3 3 3 3 3 4 4 4 4 4 11 11 11 11 11 40 45 50 51 51
7243 422917 2 2 2 2 2 5 5 5 5 5 26 27 27 27 27 110 127 127 127 127 352 448 470 475 477
6733 1651527 5 5 5 5 5 29 29 29 29 29 93 95 95 95 95 361 376 377 381 381 1400 1606 1732 1830 1838
4587 98990 2 2 2 2 2 5 5 5 5 5 14 14 14 14 14 29 29 29 29 29 91 104 117 118 118
9649 1727766 2 2 2 2 2 8 8 8 8 8 68 68 71 71 71 344 358 372 373 379 1315 1548 1716 1754 1799
6439 302150 2 2 2 2 2 6 6 6 6 6 14 14 14 14 14 47 47 55 55 55 184 216 287 289 290
3569 1334097 8 8 8 8 8 22 22 22 22 22 74 75 75 75 75 336 356 356 356 356 1252 1468 1511 1551 1559
3171 1636902 3 3 3 3 3 8 8 8 8 8 74 77 77 77 77 313 340 357 372 372 1262 1579 1717 1816 1816
9447 2707870 6 6 6 6 6 25 26 26 26 26 105 115 115 115 116 450 542 552 552 597 1731 2391 2608 2654 2936
4693 933417 2 2 2 2 2 9 9 9 9 9 45 46 46 46 46 196 207 218 218 218 789 884 1001 1009 1014
8479 1402591 4 4 4 4 4 17 17 17 17 17 68 68 68 68 68 241 252 253 284 284 953 1131 1174 1433 1444
4947 1309834 3 3 3 3 3 20 20 20 20 20 56 56 58 58 58 231 242 249 249 249 893 1075 1154 1245 1249
1627 608545 3 3 3 3 3 12 12 12 12 12 43 43 43 43 43 164 169 174 174 174 556 600 653 670 678
8609 9861016 16 16 16 16 16 88 88 89 89 89 402 421 441 441 456 1782 2040 2208 2228 2357 6642 8516 9732 10021 10728
2903 257098 2 2 2 2 2 8 8 8 8 8 22 22 22 22 22 80 80 84 84 84 241 268 281 281 281
9437 164246 1 1 1 1 1 3 3 3 3 3 13 13 13 13 13 32 36 36 36 36 124 162 186 191 191
557 7465517 10 10 10 10 10 77 77 77 77 77 384 386 386 386 386 1603 1672 1688 1711 1733 6059 7165 7490 7793 7987
8629 2160110 5 5 5 5 5 15 15 15 15 15 68 69 69 69 69 348 361 368 393 408 1415 1621 1758 2032 2148
1359 29403560 33 41 41 41 41 210 267 268 268 268 1028 1400 1414 1420 1425 4558 6489 6688 6804 6893 17288 27831 30025 31189 32073
1551 4169527 6 6 6 6 6 37 37 37 37 37 179 180 182 182 185 800 861 911 932 944 3057 3710 4115 4298 4405
9099 508653 1 1 1 1 1 5 5 5 5 5 16 16 16 16 16 105 110 112 112 112 414 519 543 552 565
2863 1550858 2 2 2 2 2 19 19 19 19 19 80 80 80 80 80 354 366 371 377 377 1290 1469 1556 1630 1637
5069 205696 4 4 4 4 4 8 8 8 8 8 17 17 17 17 17 63 68 68 68 68 225 255 262 268 269
6869 1818681 7 7 7 7 7 24 24 24 24 24 101 101 101 101 101 415 420 435 435 442 1509 1695 1930 1968 2062
9401 1666392 4 4 4 4 4 18 18 18 18 18 95 95 95 95 95 379 382 389 390 392 1387 1547 1737 1785 1808
5451 1082978 1 1 1 1 1 12 12 12 12 12 49 49 49 49 49 219 225 228 228 228 842 998 1094 1121 1139
7933 773254 4 4 4 4 4 12 12 12 12 12 44 44 44 44 46 164 165 165 165 190 617 709 719 744 880
1883 3862143 9 9 9 9 9 54 54 54 54 54 228 229 229 230 230 866 911 911 926 935 3103 3765 3902 4038 4146
9111 396916 2 2 2 2 2 7 7 7 7 7 22 22 22 22 22 99 108 108 109 110 350 421 453 459 469
7853 551392 2 2 2 2 2 7 7 7 7 7 30 30 30 30 30 113 127 127 127 127 412 586 607 608 632
4327 991089 1 1 1 1 1 13 13 13 13 13 65 65 65 65 65 277 289 289 289 290 971 1099 1121 1130 1141
4311 1424659 4 4 4 4 4 13 13 13 13 13 72 72 80 80 80 323 328 368 369 369 1168 1305 1556 1594 1607
2207 2546874 8 8 8 8 8 30 30 30 30 30 124 131 131 131 132 483 524 535 537 561 1824 2278 2421 2498 2704
1267 7882374 16 17 17 17 17 55 67 67 70 70 253 373 373 403 403 1056 1678 1712 1871 1877 4066 7259 7656 8570 8700
7531 3858154 4 4 4 4 4 51 51 51 51 51 197 197 197 197 197 887 892 905 920 920 3484 3813 4064 4269 4322
4811 215209 2 2 2 2 2 6 6 6 6 6 16 16 16 16 16 41 48 48 48 48 174 237 241 241 241
8149 1073224 5 5 5 5 5 11 11 11 11 11 40 59 59 59 59 145 255 255 261 261 482 1047 1102 1171 1176
4297 908457 2 2 2 2 2 11 11 11 11 11 46 46 46 46 46 214 216 217 239 239 722 803 840 1079 1082
6009 250650 2 2 2 2 2 3 3 3 3 3 23 23 23 23 23 71 71 71 72 72 237 268 286 298 298
1309 4955144 8 8 8 8 8 46 46 46 46 46 252 252 256 256 256 1055 1104 1156 1159 1163 3946 4713 5116 5230 5323
4987 1775318 2 2 2 2 2 23 23 23 23 23 80 80 86 86 86 339 367 420 422 422 1286 1555 1920 1968 1993
2857 6807370 25 25 25 25 25 87 87 87 87 87 367 367 367 367 367 1464 1507 1540 1567 1570 5551 6445 6960 7303 7384
5933 1045003 3 3 3 3 3 12 12 12 12 12 36 36 44 44 47 114 117 163 163 193 446 576 841 853 1045
4953 135020 2 2 2 2 2 4 4 4 4 4 5 5 5 5 5 30 30 30 30 30 118 126 130 130 131
2023 1782211 4 4 4 4 4 26 26 26 26 26 91 91 92 92 96 377 384 406 408 445 1372 1553 1749 1782 2008
1091 207329 2 2 2 2 2 5 5 5 5 5 15 15 15 15 15 48 55 55 55 55 169 206 213 216 218
2841 4947676 14 14 14 14 14 64 64 64 64 64 235 261 262 265 266 993 1141 1157 1203 1227 3691 4728 4976 5304 5495
7457 1846043 5 5 5 5 5 29 29 29 29 29 93 93 93 93 93 376 378 379 384 384 1536 1703 1816 1911 1932
981 107212 2 2 2 2 2 5 5 5 5 5 10 10 10 10 10 27 27 27 27 27 85 93 93 93 98
2067 123984 2 2 2 2 2 5 5 5 5 5 9 9 9 9 9 19 25 25 27 27 70 108 111 140 142
5541 7861532 17 17 17 17 17 75 75 75 75 75 373 377 379 379 379 1749 1831 1873 1884 1891 6559 7718 8256 8436 8587
7167 187295 2 2 2 2 2 3 3 3 3 3 13 13 13 13 13 57 57 57 57 57 193 203 206 208 208
4537 38449389 83 83 83 83 83 401 407 409 409 409 1737 1827 1846 1851 1864 7595 8478 8714 8865 9005 28696 36245 39165 40691 41909
1587 8594785 16 16 16 16 16 83 83 105 105 105 348 349 442 442 442 1492 1530 2076 2095 2096 5715 6524 9216 9504 9574
3473 370299 2 2 2 2 2 8 8 8 8 8 24 24 24 24 24 105 105 107 107 107 330 366 398 405 405
9253 3761045 9 9 9 9 9 32 32 32 32 32 179 179 185 185 185 796 814 846 848 851 3134 3557 3922 4012 4108
8101 80325074 165 165 165 165 165 871 872 872 879 879 3929 3958 3989 4084 4087 17123 17807 18327 18965 19084 65979 76516 82198 86981 88610
113 732000 3 3 3 3 3 8 8 8 8 8 41 41 41 41 41 141 142 151 163 165 557 596 667 745 778
9653 851375 2 2 2 2 2 15 15 15 15 15 64 64 64 64 64 243 243 243 243 243 874 939 957 968 977
759 31896390 63 63 63 63 63 344 344 344 344 344 1476 1497 1510 1511 1511 6519 6967 7205 7284 7337 24937 29946 32586 33760 34397
8623 2443870 3 3 3 3 3 13 13 13 15 15 88 88 88 104 104 446 474 474 540 566 1574 1949 2030 2426 2602
7103 316437 2 2 2 2 2 6 6 6 6 6 17 17 17 17 17 79 84 88 88 91 259 284 331 331 356
8879 1768376 6 6 6 6 6 24 24 24 24 24 88 95 95 95 95 316 396 396 399 399 1138 1723 1809 1881 1913
7517 20210350 30 30 30 30 30 160 171 171 171 171 818 928 930 932 932 3595 4338 4447 4487 4494 14331 19531 20863 21496 21769
5379 1743403 4 4 4 4 4 22 22 22 22 22 90 90 90 90 90 362 378 384 388 388 1463 1664 1795 1849 1874
3059 5347631 20 20 20 20 20 78 78 78 78 78 300 301 301 301 301 1220 1288 1300 1305 1311 4621 5504 5776 5875 5959
2257 237412 2 2 2 2 2 4 4 4 4 4 13 13 13 13 13 50 53 53 53 53 193 258 263 264 266
5389 192786 1 1 1 1 1 3 3 3 3 3 9 9 9 9 9 39 42 42 42 42 149 190 206 206 207
9849 376154 2 2 2 2 2 3 3 3 3 3 19 19 19 19 19 83 83 83 83 83 325 370 390 395 401
2497 447238 3 3 3 3 3 7 7 7 7 7 19 19 29 29 29 69 69 115 115 115 281 310 479 482 496
7477 891717 1 1 1 1 1 9 9 9 9 9 46 46 46 46 46 170 173 185 185 185 659 774 904 908 917
437 5249491 12 12 12 12 12 57 57 57 57 57 259 262 262 262 262 1036 1141 1156 1172 1175 4024 4984 5345 5562 5609
1623 13949444 12 12 12 12 12 117 117 117 117 117 659 671 671 671 671 2888 3038 3075 3104 3110 11185 13330 14143 14662 14843
2311 77547 3 3 3 3 3 6 6 6 6 6 12 12 12 12 12 35 35 35 35 35 110 115 117 117 117
4877 2032062 2 2 2 2 2 13 13 13 13 13 94 94 94 94 94 469 480 493 497 497 1828 2023 2162 2251 2267
2963 2780783 13 13 13 13 13 39 39 39 39 39 136 137 137 137 137 590 634 646 652 653 2270 2771 2966 3046 3097
8551 418079 2 2 2 2 2 5 5 5 5 5 17 17 17 17 17 72 73 73 73 73 292 327 390 394 394
2691 1732971 5 5 5 5 5 26 26 26 26 26 92 92 92 92 92 394 398 407 409 410 1481 1666 1855 1919 1929
1399 2108649 6 6 6 6 6 21 21 21 21 21 81 89 90 91 91 375 453 476 485 485 1415 1899 2108 2208 2222
6471 1364917 1 1 1 1 1 10 10 10 10 10 61 61 61 61 61 284 307 320 329 329 1023 1354 1458 1541 1565
5537 861108 2 2 2 2 2 11 11 11 11 11 46 46 46 46 46 166 169 200 202 202 532 636 863 902 909
6427 2177909 3 3 3 3 3 6 6 8 8 8 37 37 76 77 77 236 249 472 507 507 933 1087 2089 2350 2368
2883 20156 2 2 2 2 2 3 3 3 3 3 4 4 4 4 4 16 16 16 16 16 46 46 46 46 46
6301 2987087 8 8 8 8 8 36 36 36 36 36 143 153 161 161 161 629 703 763 764 766 2453 3025 3407 3469 3540
3091 2739402 9 9 9 9 9 26 26 26 26 26 115 115 120 120 120 495 500 586 598 606 1903 2116 2772 2906 2949
5303 645924 2 2 2 2 2 8 8 8 8 8 33 33 33 33 33 127 127 132 132 132 533 595 708 711 714
6421 244126 2 2 2 2 2 7 7 7 7 7 18 18 18 18 18 56 56 56 56 56 211 252 267 275 276
3499 21444 2 2 2 2 2 3 3 3 3 3 3 3 3 3 3 7 7 7 7 7 20 21 24 24 24
5113 4320598 9 9 9 9 9 43 43 43 43 43 193 195 196 199 199 876 946 970 992 993 3299 4053 4408 4635 4695
8413 82675 1 1 1 1 1 4 4 4 4 4 7 7 7 7 7 18 18 18 18 18 77 86 88 88 91
2917 6504895 15 15 15 15 15 68 68 68 68 68 301 301 301 301 301 1325 1355 1364 1406 1417 5158 5881 6170 6694 6871
3273 835258 3 3 3 3 3 7 7 7 7 7 33 33 33 33 33 178 188 188 190 190 720 849 889 913 925
5621 90490 4 4 4 4 4 8 8 8 8 8 18 18 18 18 18 47 47 47 47 47 119 127 128 129 129
5441 1983496 2 2 2 2 2 19 19 19 19 19 104 106 106 111 111 422 436 446 466 469 1643 1849 1983 2133 2176
9407 3385159 5 5 5 5 5 30 30 30 30 30 157 161 161 167 167 672 739 745 795 795 2680 3225 3369 3672 3696
7877 64928 1 1 1 1 1 2 2 2 2 2 9 9 9 9 9 28 28 28 28 28 87 95 95 95 95
637 26710184 53 53 53 53 53 271 272 272 272 274 1209 1238 1282 1282 1288 5396 5778 6174 6208 6264 20903 25252 28131 28854 29351
1299 4025 2 2 2 2 2 3 3 3 3 3 4 4 4 4 4 5 5 5 5 5 8 8 8 8 8
2111 3556347 8 8 8 8 8 34 34 34 34 34 143 148 152 152 152 683 752 802 806 808 2609 3351 3743 3862 3884
1731 228098 3 3 3 3 3 5 5 5 5 5 13 13 13 13 13 47 47 47 47 47 195 229 236 238 244
2269 5579169 15 15 15 15 15 54 54 54 54 54 272 272 272 272 272 1181 1219 1247 1251 1259 4559 5248 5685 5848 5953
9557 498155 1 1 1 1 1 6 6 6 6 6 26 26 26 26 26 112 119 122 122 122 389 499 522 523 530
6577 5648106 7 7 7 7 7 48 49 49 49 49 250 259 263 265 265 1129 1223 1282 1294 1296 4466 5426 5984 6153 6230
4033 164996 1 1 1 1 1 4 4 4 4 4 12 12 12 12 12 53 63 63 63 63 158 212 214 214 214
9829 2344198 5 5 5 5 5 25 25 25 25 25 116 116 116 116 116 535 577 580 583 583 1970 2357 2491 2587 2596
3921 840543 6 6 6 6 6 15 15 15 15 15 54 54 54 54 54 203 225 225 239 239 740 886 909 1004 1005
4183 23511 2 2 2 2 2 2 2 2 2 2 4 4 4 4 4 13 13 13 13 13 33 36 36 36 36
5009 547642 3 3 3 3 3 9 9 9 9 9 39 39 39 39 39 130 130 130 130 130 471 519 541 545 564
2469 7691379 5 5 6 6 6 24 24 43 44 44 108 108 316 337 338 476 488 1577 1750 1755 1755 1976 7147 8166 8262
3247 1063983 3 3 3 3 3 13 13 13 13 13 32 32 32 38 38 161 167 169 221 221 715 795 877 1208 1225
3049 2320909 5 5 5 5 5 11 11 11 11 11 76 76 78 90 90 367 376 396 517 517 1483 1687 1840 2465 2479
2807 648868 4 4 4 4 4 9 9 9 9 9 30 30 30 30 30 119 122 142 142 142 438 496 682 686 698
5761 1577013 7 7 7 7 7 24 24 24 24 24 97 97 99 99 99 401 406 423 423 423 1322 1468 1602 1647 1663
2739 20621452 42 42 42 42 42 214 223 223 223 223 962 1023 1032 1035 1035 4115 4617 4781 4839 4861 15580 19953 21709 22467 22782
6587 456675 5 5 5 5 5 13 13 13 13 13 35 35 35 35 35 116 118 119 119 119 411 436 467 486 486
5589 4606897 12 12 12 12 12 50 50 50 50 50 176 188 188 188 188 851 960 975 984 996 3411 4503 4832 4949 5037
6307 343092 1 1 1 1 1 2 2 2 2 2 6 6 6 6 6 59 59 74 74 74 262 293 372 385 386
1881 674720 5 5 5 5 5 8 8 8 8 8 27 27 27 29 29 124 133 136 150 150 480 594 617 717 719
9927 646286 2 2 2 2 2 8 8 8 8 8 35 35 35 35 35 172 172 173 173 175 609 643 664 681 724
2209 454637 3 3 3 3 3 6 6 6 6 6 29 29 29 29 29 113 113 113 113 114 387 436 446 456 466
4153 1239040 2 2 2 2 2 3 12 12 12 12 8 62 62 62 62 66 300 300 302 302 286 1231 1298 1353 1354
1171 88291 2 2 2 2 2 3 3 3 3 3 5 5 5 5 5 13 15 15 15 15 44 85 89 91 91
4783 28962810 45 45 45 45 45 276 277 277 277 277 1306 1347 1369 1381 1381 5782 6368 6648 6825 6834 21647 26810 29327 30878 31208
873 5551223 21 21 21 21 21 79 79 79 79 79 264 264 264 266 266 1044 1101 1115 1149 1155 4093 5003 5320 5726 5840
1127 2076442 4 4 4 4 4 20 20 20 20 20 114 115 115 115 115 464 485 492 494 494 1690 2022 2183 2209 2217
6201 609516 3 3 3 3 3 15 15 15 15 15 52 52 52 52 52 179 180 181 181 181 564 653 680 688 691
9243 1130469 3 3 3 3 3 14 14 14 14 14 40 41 41 41 41 210 249 253 253 253 823 1074 1153 1191 1211
9931 1669596 3 3 3 3 3 24 24 24 24 24 111 111 111 111 111 459 467 473 473 475 1707 1886 1970 1993 2028
4073 90729 3 3 3 3 3 5 5 5 5 5 13 13 13 13 13 35 35 35 35 35 91 95 99 101 101
6303 8607104 19 19 19 19 19 107 107 107 107 107 454 457 457 466 466 1883 1966 1998 2073 2076 6956 8077 8705 9323 9420
7177 13931542 15 15 15 15 15 118 124 130 130 130 572 609 668 668 673 2468 2751 3172 3179 3218 9335 11862 14460 14722 15056
317 6093579 35 35 35 35 35 85 91 91 91 91 276 317 317 317 319 1161 1434 1445 1453 1465 4476 6121 6426 6614 6699
5883 2146287 8 8 8 8 8 26 26 26 26 26 121 123 124 124 124 475 499 524 524 524 1675 2015 2247 2277 2288
2369 617456 5 5 5 5 5 9 9 9 9 9 33 34 34 34 34 138 144 144 151 151 527 607 630 679 680
4453 281188 1 1 1 1 1 6 6 6 6 6 13 13 13 13 13 61 61 61 69 69 234 243 270 325 325
1039 17261679 48 48 48 48 48 209 209 210 210 210 892 892 930 935 935 3524 3632 4009 4049 4079 13533 15754 18249 18766 19189
8999 1225878 2 2 2 2 2 11 11 11 11 11 62 62 62 62 62 277 278 290 290 290 1020 1150 1257 1274 1279
7619 10323174 21 21 21 21 21 99 99 99 99 99 479 483 483 486 497 2064 2174 2214 2257 2345 7806 9249 9927 10334 10924
167 1352479 7 7 7 7 7 19 19 19 19 19 88 88 97 97 97 301 307 374 374 374 1093 1205 1561 1565 1594
4817 1414390 2 2 2 2 2 17 17 17 17 17 77 77 77 77 77 328 329 331 331 341 1268 1370 1432 1459 1571
4233 2926 1 1 1 1 1 2 2 2 2 2 3 3 3 3 3 9 9 9 9 9 13 13 13 13 13
311 2242122 9 9 9 9 9 39 39 39 39 39 130 131 131 131 131 515 549 561 562 565 1923 2265 2383 2430 2479
121 3179820 6 6 6 6 6 30 30 30 30 30 113 139 139 139 139 477 664 680 681 685 1903 2973 3201 3291 3338
8807 1017 2 2 2 2 2 2 2 2 2 2 3 3 3 3 3 4 4 4 4 4 7 7 7 7 7
#resid 0 0 0 0 0
